SN ID,Max Targets,Max Dodges,Max Knee Strikes,Max Score,Points Per Minute,Targets Per Minute
2602,550,401,0,248,26.27,58
2597,640,507,0,306,22.91,48
2594,0,0,0,0,0.00,0
2592,0,0,0,0,0.00,0
2591,982,388,0,384,29.26,75
2441,647,441,156,330,24.42,48
2587,1382,674,0,561,38.97,96
2586,548,0,0,175,27.83,87
2585,600,341,0,248,31.11,75
2440,822,226,0,294,44.83,125
2555,0,0,0,0,0.00,0
2552,0,0,0,0,0.00,0
2550,338,173,0,135,13.61,34
2549,920,1078,0,503,32.75,60
2546,0,0,0,0,0.00,0
2544,0,0,0,0,0.00,0
2530,882,451,122,386,25.97,59
2536,1272,672,0,526,35.77,87
2448,0,0,0,0,0.00,0
2533,0,0,0,0,0.00,0
2539,726,383,0,298,29.82,73
2528,3611,1857,0,1531,36.92,87
2526,529,203,0,203,26.70,70
2527,531,377,0,239,31.15,69
2525,865,305,0,324,37.88,101
2534,1317,379,0,471,43.78,122
2420,597,475,0,274,27.02,59
2518,1838,663,0,689,45.38,121
2516,563,342,218,290,23.08,45
2520,535,394,0,242,22.60,50
2513,1927,1172,0,833,33.94,79
2292,1050,380,0,400,32.13,84
2368,1678,825,0,685,43.10,106
2502,1517,1412,0,766,27.87,55
2344,1202,611,0,483,35.09,87
2405,449,178,38,181,34.97,87
2406,384,186,80,166,26.88,62
2407,300,283,57,160,19.96,37
2505,1851,1010,0,763,44.85,109
2378,406,358,0,192,25.26,53
2433,795,158,0,272,40.48,118
2347,401,139,0,147,30.13,82
2338,364,451,0,213,23.29,40
2498,1436,697,0,578,45.12,112
2364,1230,0,0,382,28.23,91
2354,1267,347,0,455,32.58,91
2494,1081,744,0,480,46.15,104
2492,1255,959,0,580,33.58,73
2428,1276,574,0,502,46.10,117
2424,825,466,0,352,24.16,57
2426,1298,984,0,596,35.06,76
2422,3369,1493,0,1334,41.04,104
2418,1201,893,0,541,27.34,61
2329,1248,570,0,499,32.67,82
2416,560,331,0,234,36.48,87
2417,418,192,0,162,24.77,64
2415,834,377,0,331,44.27,112
2412,1307,513,0,497,43.70,115
2379,1405,606,0,549,37.51,96
2401,977,564,0,411,36.56,87
2395,1833,498,0,651,45.53,128
2397,680,223,0,250,14.92,41
2399,729,659,0,367,29.62,59
2387,1512,603,0,575,45.05,118
2391,726,898,0,401,28.67,52
2384,489,662,0,280,28.48,50
2385,736,715,0,369,37.40,75
2381,2230,0,0,680,44.14,145
2300,1248,647,0,512,35.87,87
2377,921,331,0,347,44.55,118
2376,463,257,0,194,31.32,75
2333,474,247,0,191,22.20,55
2370,574,610,0,296,29.20,57
2371,1387,483,0,523,40.63,108
2431,1616,622,0,611,35.05,93
2358,2138,972,0,846,40.31,102
2330,527,361,0,233,27.13,61
2403,1690,1050,0,736,33.73,77
2238,956,595,0,411,32.14,75
2351,619,431,0,276,27.05,61
2331,986,564,0,417,38.98,92
2355,661,410,0,289,26.02,60
2365,1378,1051,0,628,38.84,85
2349,2052,874,0,803,45.91,117
2348,530,317,0,224,30.54,72
2332,589,351,0,245,34.06,82
2346,715,197,0,252,42.01,119
2172,657,398,0,285,23.73,55
2179,965,389,0,373,37.64,97
2357,829,369,0,329,32.82,83
2312,1673,775,0,669,52.12,130
2286,611,439,0,278,25.62,56
2306,3238,1623,0,1314,33.15,82
2315,1022,830,0,483,28.24,60
2342,2006,664,0,733,36.75,101
2336,791,598,0,362,24.59,54
2186,684,399,0,297,31.17,72
2302,1518,454,0,547,41.24,114
2340,998,759,0,454,39.08,86
2297,928,477,0,377,44.97,111
2298,691,401,0,289,34.71,83
2299,359,81,0,130,21.07,58
2294,994,957,0,494,29.23,59
2304,973,723,0,449,30.51,66
2293,1793,407,0,621,44.54,129
2288,2270,580,0,800,49.27,140
2290,592,455,0,281,23.73,50
2169,835,301,0,319,32.35,85
2278,1565,946,0,672,33.64,78
2270,1204,635,0,493,46.96,115
2274,749,439,0,315,25.16,60
2276,1865,588,0,681,41.38,113
2272,500,433,0,247,22.12,45
2268,1433,1046,0,650,35.08,77
2266,494,235,0,199,31.48,78
2267,405,260,0,176,22.28,51
2265,1469,580,0,566,42.40,110
2249,2239,895,0,859,45.58,119
2258,905,367,0,351,25.19,65
2254,1135,516,0,446,33.85,86
2256,1312,681,0,533,46.25,114
2246,831,627,0,377,27.72,61
2323,1313,1010,0,603,38.99,85
2262,2029,463,0,707,44.37,127
2248,489,252,0,200,24.10,59
2070,1183,441,0,450,34.54,91
2240,1944,1330,0,861,46.31,105
2237,752,729,0,375,27.30,55
2260,1415,515,0,533,30.20,80
2223,795,630,0,368,43.21,93
2224,335,300,0,162,24.83,51
2235,689,247,0,255,34.88,94
2228,1396,661,0,562,38.16,95
2227,872,610,0,396,31.64,70
2220,597,361,0,254,25.38,60
2217,1657,759,0,649,45.77,117
2216,1209,0,0,399,30.13,91
2192,592,641,0,308,30.19,58
2181,823,792,0,414,26.84,53
2187,967,519,0,394,41.53,102
2205,866,637,0,389,36.05,80
2180,623,580,0,317,25.92,51
2178,788,421,0,322,43.66,107
2193,1227,860,0,553,33.13,74
2177,721,196,0,264,36.32,99
2185,536,325,0,230,32.64,76
2191,476,415,0,226,25.60,54
2166,1255,290,0,437,44.40,128
2204,560,275,0,224,18.92,47
2118,754,482,0,329,32.77,75
2165,1219,465,0,465,43.75,115
2173,669,369,0,277,23.84,58
2110,979,471,0,397,30.39,75
2116,651,236,0,248,25.29,66
2117,1668,727,0,654,43.83,112
2100,969,332,0,362,33.24,89
2113,1583,1331,0,753,26.69,56
2120,1157,679,0,485,42.09,100
2202,1187,517,0,471,33.31,84
2108,936,232,0,330,46.90,133
2106,422,221,0,176,23.33,56
2107,622,345,0,255,35.81,87
2087,1209,412,0,457,30.28,80
2097,1979,1057,0,816,46.18,112
2066,907,834,0,459,27.60,55
2111,2187,781,0,812,47.55,128
2102,782,677,0,370,28.34,60
2062,1624,820,0,666,33.62,82
2086,637,534,0,304,27.82,58
2078,2994,0,0,916,48.25,158
2029,2206,670,0,801,35.14,97
2084,1903,692,0,721,42.75,113
2081,606,337,0,254,26.64,64
2052,867,302,0,323,30.85,83
2157,998,529,0,410,32.59,79
2076,559,366,0,243,33.69,78
2075,354,236,0,153,24.14,56
2074,616,237,0,230,42.40,114
2133,693,272,0,265,24.80,65
2115,1159,714,0,499,49.94,116
2063,842,538,0,367,25.81,59
2068,941,467,0,385,33.67,82
2073,1620,790,0,651,45.82,114
2057,888,440,0,365,27.02,66
2046,923,408,0,366,31.77,80
2054,2254,585,0,798,58.40,165
2049,827,947,0,455,23.71,43
2079,1267,590,0,506,33.64,84
2093,1439,639,0,563,46.30,118
2037,700,171,0,245,38.62,110
2038,336,181,0,141,22.01,52
2036,562,268,0,225,34.50,86
2044,2100,538,0,746,48.80,137
2032,1155,0,0,363,27.19,87
2034,1110,695,0,478,38.88,90
2047,1531,430,0,552,49.13,136
2027,1006,278,0,358,34.34,96
2026,604,553,0,293,26.60,55
2012,1718,837,0,700,40.32,99
2011,1126,636,0,470,33.35,80
2009,581,508,0,278,29.49,62
1999,1494,819,0,625,42.72,102
1937,1369,633,0,550,33.03,82
1944,782,453,0,326,26.65,64
1994,842,419,0,342,42.55,105
1917,413,183,0,159,24.75,64
1993,784,339,0,306,35.07,90
1975,1044,353,0,389,41.32,111
1951,860,399,0,343,31.06,78
1987,753,381,0,307,27.17,67
1984,1338,674,0,545,41.69,102
1953,910,480,0,370,35.63,88
1981,410,204,0,176,24.17,56
1972,1077,441,0,426,40.92,103
1958,426,411,0,217,25.58,50
1982,823,396,0,337,36.84,90
1941,1161,537,0,461,41.77,105
1956,706,351,0,282,26.29,66
1989,1959,1111,0,826,33.68,80
1948,804,243,0,289,39.93,111
1949,416,253,0,189,25.63,56
1947,663,373,0,277,36.15,87
1939,814,458,0,335,33.14,81
1945,926,731,0,426,41.83,91
1996,1245,487,0,480,32.82,85
1990,1474,311,0,505,42.16,123
1940,644,314,0,256,26.90,68
1997,601,410,0,270,32.77,73
1931,1373,627,0,543,49.81,126
1921,811,646,0,377,34.75,75
1928,710,395,0,297,27.04,65
1912,1053,439,0,411,39.92,102
1925,850,438,0,345,32.71,81
1919,563,366,0,247,24.21,55
1918,739,233,0,270,38.35,105
1916,563,248,0,219,24.55,63
1970,379,277,0,173,19.71,43
1914,1565,838,0,652,33.12,79
1909,898,444,0,360,40.94,102
1911,743,377,0,299,25.62,64
1883,1043,450,0,403,34.09,88
1652,884,624,0,394,35.65,80
1882,723,384,0,295,27.88,68
1876,1243,414,0,459,46.21,125
1873,630,240,0,237,23.06,61
1828,913,517,0,385,35.05,83
1870,1328,442,0,488,41.73,114
1866,503,361,0,227,23.50,52
1899,1014,418,0,394,29.54,76
1837,547,254,0,213,38.91,100
1836,311,172,0,126,17.33,43
1835,346,249,0,156,22.01,49
1858,1134,335,0,412,40.87,112
1848,1088,486,0,422,33.15,85
1856,517,145,0,186,25.81,72
1846,1272,623,0,511,44.75,111
1839,602,382,0,259,25.72,60
1852,1143,598,0,473,32.81,79
1688,1076,327,0,388,35.60,99
1862,838,446,0,344,33.59,82
1819,871,782,0,421,27.09,56
1827,1360,337,0,476,43.07,123
1707,1019,394,0,383,32.77,87
1681,594,505,0,287,28.03,58
1803,952,412,0,369,46.70,120
1804,586,287,0,239,33.81,83
1805,305,241,0,140,24.52,53
1801,1285,477,0,481,45.07,120
1696,658,341,0,267,29.74,73
1747,610,476,0,297,26.69,55
1817,1439,623,0,564,36.31,93
1814,1074,627,0,452,35.77,85
1807,566,524,0,279,26.73,54
1822,1064,353,0,394,38.41,104
1629,750,699,0,371,30.91,62
1721,734,784,0,390,27.99,53
1749,1119,589,0,458,43.74,107
1698,777,608,0,362,33.88,73
1736,902,707,0,419,27.75,60
1727,425,275,0,186,31.55,72
1728,352,118,0,127,19.15,53
1726,495,266,0,204,36.26,88
1739,1130,559,0,459,43.88,108
1718,1200,530,0,468,33.81,87
1798,570,631,0,300,28.94,55
1725,1210,321,0,428,44.38,125
1797,1164,609,0,479,35.24,86
1730,559,430,0,254,29.77,66
1667,1354,569,0,527,45.05,116
1661,940,545,0,401,34.02,80
1741,625,457,0,278,24.77,56
1720,1318,507,0,497,39.81,106
1791,1227,1116,0,608,35.81,72
1694,710,488,0,318,26.11,58
1705,584,198,0,215,32.71,89
1704,787,91,0,256,44.70,137
1702,496,155,0,181,20.57,56
1708,1071,573,0,439,44.83,109
1687,1083,694,0,472,38.11,87
1691,530,460,0,263,24.35,49
1703,1181,460,0,451,44.25,116
1710,1012,1151,0,552,32.18,59
1669,476,201,0,186,22.63,58
1686,1459,596,0,569,39.37,101
1680,857,467,0,358,33.33,80
1657,503,521,0,260,24.62,48
1654,1113,362,0,409,37.46,102
1634,1119,478,0,437,32.36,83
1598,565,500,0,275,24.30,50
1645,1274,613,0,513,45.59,113
1658,728,298,0,282,33.40,86
1632,575,603,0,301,24.58,47
1605,1212,537,0,474,44.88,115
1600,963,596,0,419,36.02,83
1620,578,442,0,268,26.59,57
1403,2088,442,0,715,56.37,165
1591,762,662,0,365,35.42,74
1570,500,599,0,279,25.80,46
1564,809,305,0,303,38.17,102
1584,1057,317,0,388,32.89,90
1574,530,298,0,222,24.18,58
1556,1839,0,0,558,46.46,153
1555,671,413,0,287,29.61,69
1567,497,284,0,208,22.39,53
1539,544,357,0,236,27.26,63
1535,900,417,0,354,37.05,94
1534,689,437,0,294,32.58,76
1519,571,331,0,241,24.22,57
1566,644,355,0,265,33.23,81
1530,1240,651,0,509,44.88,109
1529,685,433,0,296,31.28,72
1532,481,418,0,231,24.99,52
1518,1239,346,0,440,44.63,126
1517,862,181,0,296,35.54,103
1514,843,367,0,330,29.73,76
1466,876,287,0,322,46.93,128
1468,1001,471,0,399,35.29,89
1488,703,326,0,283,24.11,60
1461,1383,375,0,490,52.50,148
1454,864,492,0,362,33.44,80
1465,744,273,0,280,26.72,71
1471,811,753,0,420,35.09,68
1467,717,568,0,342,30.67,64
1219,647,268,0,249,23.29,61
1482,694,553,0,328,35.43,75
1394,978,542,0,403,36.12,88
1298,627,318,0,260,22.84,55
1246,1162,367,0,424,41.75,114
1310,870,645,0,394,28.79,64
1464,694,431,0,298,22.77,53
1355,1356,443,0,500,43.39,118
1220,997,512,0,401,38.45,96
1458,601,309,0,247,24.09,59
1277,1063,314,0,380,38.26,107
1279,802,244,0,292,29.26,80
1410,1361,452,0,501,57.34,156
1300,463,166,0,172,20.36,55
1299,570,193,0,211,20.40,55
1311,983,515,0,404,35.17,86
1354,729,249,0,273,31.49,84
1353,405,138,0,150,11.83,32
