SN ID,SN ID (from Genre)
2602,23
2603,20
2599,23
2600,22
2601,20
2597,19
2596,20
2736,
2736,
2595,19
2594,22
2598,
2598,
2593,23
2592,20
2592,21
2591,19
2591,23
2590,20
2589,25
2441,19
2587,19
2587,22
2588,20
2586,19
2585,22
2585,23
2440,22
2556,
2556,
2555,20
2554,19
2552,20
2553,20
2735,
2735,
2551,19
2551,20
2550,19
2549,19
2548,19
2546,22
2547,104
2544,19
2545,19
2545,20
2542,22
2541,20
2543,19
2449,20
2449,23
2540,
2540,
2530,21
2530,23
2536,20
2531,20
2734,
2734,
2537,21
2448,19
2538,19
2533,22
2539,19
2539,20
2529,20
2528,19
2528,20
2528,21
2528,22
2528,23
2532,19
2532,20
2526,20
2527,20
2525,21
2524,
2524,
2534,23
2522,21
2521,20
2420,19
2420,20
2733,
2733,
2518,19
2352,20
2516,19
2516,21
2517,19
2517,22
2520,21
2515,20
2513,19
2513,20
2535,24
2510,24
2511,22
2512,19
2509,
2509,
2508,19
2292,25
2368,19
2368,22
2519,20
2666,
2666,
2506,20
2502,19
2344,21
2503,20
2405,22
2406,19
2406,21
2408,19
2407,19
2409,19
2410,19
2410,22
2505,20
2504,19
2504,23
2378,20
2433,
2433,
2347,23
2500,19
2500,21
2501,
2501,
2338,19
2582,
2582,
2499,19
2498,20
2364,19
2497,20
2354,19
2354,20
2496,22
2495,24
2494,104
2492,21
2493,21
2491,19
2491,20
2490,22
2489,22
2430,
2430,
2428,20
2419,19
2444,
2444,
2427,21
2424,20
2426,
2426,
2423,19
2423,22
2446,
2446,
2422,22
2389,19
2389,104
2418,19
2418,20
2421,20
2445,
2445,
2432,20
2329,21
2416,
2416,
2417,19
2415,19
2415,22
2414,
2414,
2413,19
2413,20
2412,20
2572,
2572,
2379,19
2379,21
2411,19
2411,22
2401,19
2401,21
2425,21
2400,20
2395,22
2395,104
2397,19
2366,20
2399,19
2396,19
2396,23
2392,20
2394,20
2393,
2393,
2388,20
2387,20
2390,
2390,
2565,
2565,
2391,19
2391,21
2386,20
2383,104
2384,19
2385,19
2385,20
2380,25
2381,22
2367,19
2300,24
2322,24
2377,20
2376,104
2333,21
2370,20
2374,
2374,
2372,20
2372,25
2564,
2564,
2429,23
2371,20
2371,22
2431,104
2369,24
2358,20
2373,20
2330,22
2398,19
2402,23
2403,21
2362,19
2360,20
2361,19
2327,19
2327,20
2238,20
2359,
2359,
2563,
2563,
2328,21
2351,20
2356,104
2331,19
2331,22
2382,19
2382,22
2355,23
2365,20
2353,19
2350,22
2349,22
2348,19
2332,23
2346,20
2345,
2345,
2325,19
2325,22
2172,19
2179,21
2343,19
2343,20
2468,
2468,
2341,19
2357,20
2312,22
2339,20
2286,20
2337,19
2337,22
2306,19
2306,20
2314,19
2301,20
2318,19
2317,25
2315,19
2315,21
2291,20
2316,
2316,
2313,19
2313,23
2466,
2466,
2342,20
2336,21
2259,22
2259,23
2186,22
2186,25
2305,19
2302,19
2302,22
2303,19
2303,23
2363,19
2340,19
2340,22
2297,20
2298,20
2299,21
2296,
2296,
2294,19
2239,19
2304,21
2465,
2465,
2295,19
2295,23
2293,19
2099,19
2099,104
2289,20
2288,20
2290,21
2285,20
2287,20
2169,19
2283,19
2283,20
2281,20
2281,21
2282,19
2279,19
2279,22
2280,
2280,
2278,20
2278,25
2271,20
2270,19
2270,22
2464,
2464,
2321,19
2321,20
2274,19
2274,22
2276,19
2276,20
2275,19
2272,21
2320,19
2320,20
2268,19
2268,23
2269,19
2269,23
2266,19
2267,22
2267,23
2267,104
2265,22
2253,20
2264,
2264,
2249,21
2258,19
2258,20
2261,19
2261,22
2319,
2319,
2263,19
2254,19
2236,19
2236,22
2256,21
2246,19
2273,19
2273,20
2323,22
2257,20
2251,19
2251,20
2252,19
2252,104
2158,20
2277,19
2277,22
2262,20
2245,
2245,
2308,
2308,
2255,19
2255,23
2248,22
2070,19
2070,20
2241,19
2241,104
2240,21
2242,19
2237,19
2237,20
2243,20
2260,19
2260,20
2250,19
2250,22
2223,19
2223,20
2224,19
2224,22
2235,20
2234,
2234,
2114,20
2228,21
2221,19
2221,21
2233,
2233,
2227,19
1715,20
2220,19
2220,20
2217,20
2218,19
2216,19
2216,22
2215,20
2214,19
2214,20
2192,20
2188,
2188,
2194,19
2194,22
2182,19
2182,22
2196,19
2196,20
2197,
2197,
2181,19
2181,20
2225,
2225,
2184,20
2187,20
2190,24
2205,19
2205,20
2180,23
2195,19
2183,19
2183,21
2178,20
2178,23
2193,19
2193,20
2189,19
2189,20
2177,20
2185,19
2191,19
2191,20
2166,22
2166,23
2171,19
2171,22
2176,
2176,
2098,21
2204,20
2208,
2208,
2174,19
2118,22
2118,104
2164,19
2164,20
2164,21
2165,19
2165,21
2173,19
2173,20
2173,23
2168,19
2168,20
2104,
2104,
2110,19
2110,22
2122,19
2170,22
2167,19
2167,20
2101,23
2103,
2103,
2116,19
2117,19
2209,
2209,
2050,19
2050,20
2100,19
2100,21
2175,20
2112,19
2112,20
2113,19
2113,20
2113,22
2201,19
2201,22
2120,19
2120,22
2202,20
2071,19
2071,20
2071,21
2071,104
2108,19
2106,21
2107,20
2087,21
2087,23
2119,20
2121,
2121,
2097,20
2210,
2210,
2203,19
2065,22
2065,23
2066,20
2111,20
2094,19
2094,20
2069,20
2102,19
2061,19
2062,19
2091,20
2091,22
2090,20
2092,21
2092,104
2086,19
2086,20
2086,22
2072,
2072,
2088,20
2200,21
2156,
2156,
2078,19
2078,22
2029,19
2029,22
2085,19
2085,20
2083,20
2084,22
2081,19
2081,20
2080,19
2082,19
2052,23
2109,19
2109,20
2089,
2089,
2157,22
2157,23
2076,
2076,
2075,
2075,
2074,22
2095,19
2133,19
2133,20
2155,
2155,
2077,19
2077,23
2077,104
2115,19
2115,20
2063,19
2063,21
2064,20
2067,19
2067,20
2068,21
2068,104
2073,19
2073,22
2096,
2096,
2060,19
2058,20
2059,19
1992,
1992,
2055,21
2056,
2056,
2057,20
2046,20
2053,22
2130,
2130,
2031,19
2031,21
2031,22
2031,104
2054,
2054,
2051,19
2051,20
2049,19
2049,22
2079,20
2048,19
2048,23
2030,19
2030,25
2093,20
2037,21
2038,19
2036,20
2128,23
2044,21
2123,
2123,
2033,22
2033,23
2032,19
2032,22
2035,19
2034,20
2047,20
2045,20
2027,19
2027,20
2028,21
2028,22
2026,
2026,
2025,19
2025,22
2025,23
2022,20
2024,20
2023,23
2021,
2021,
2012,20
2020,19
2020,21
1998,19
1998,20
1998,22
2040,
2040,
2011,19
2011,20
2009,19
2009,21
2008,19
2008,22
1999,22
2007,19
2007,20
2010,19
2010,20
1937,19
1937,104
1995,19
1995,22
1944,20
1994,22
1994,104
1917,20
1993,20
1975,104
1991,19
1991,20
2043,
2043,
1951,21
2016,
2016,
1988,20
1986,19
1986,20
1987,22
1984,21
1985,20
1983,20
1953,19
1953,20
1981,19
1981,21
1980,24
1977,20
1978,20
1979,23
2017,
2017,
1972,19
1972,20
1976,104
1969,
1969,
1958,22
1959,19
1959,20
1946,19
1946,23
1982,19
1941,21
1973,19
1973,22
1973,23
1956,20
1957,19
1957,22
1871,22
1989,20
1948,20
1949,21
1947,19
1947,22
1971,
1971,
1939,20
1939,21
1939,23
1943,25
1962,
1962,
1938,19
1938,21
1938,22
1938,104
1945,19
1945,20
1996,104
1950,20
1990,
1990,
1942,24
1923,22
1940,19
1940,20
1997,21
1936,19
1936,22
1935,19
1934,20
1933,21
1930,21
1932,
1932,
1931,20
1921,20
1921,22
1929,22
1961,
1961,
1928,19
1928,20
1922,20
1926,19
1926,20
1912,19
1912,22
1920,20
1925,19
1919,19
1927,19
1927,104
1918,21
1916,23
1970,20
1915,
1915,
1914,
1914,
1847,20
1909,19
1909,20
1952,
1952,
1913,19
1913,23
1911,20
1910,20
1883,19
1883,20
1883,22
1908,20
1652,19
1652,20
1907,19
1907,22
1882,22
1881,20
1878,19
1879,19
1879,21
1880,19
1880,20
1876,20
1968,
1968,
1875,21
1902,
1902,
1874,19
1874,21
1873,21
1873,22
1828,20
1872,19
1872,20
1706,19
1706,104
1870,19
1870,22
1869,19
1869,22
1866,19
1866,21
1866,22
1899,24
1868,20
1837,22
1837,23
1836,19
1835,
1835,
1858,19
1858,20
1859,
1859,
1857,22
1848,22
1848,23
1906,22
1960,
1960,
1855,19
1855,20
1856,20
1846,19
1846,20
1854,19
1854,22
1839,20
1853,22
1852,24
1838,19
1838,20
1851,20
1851,25
1850,22
1849,19
1849,21
1833,19
1833,20
1834,
1834,
1688,22
1688,23
1862,
1862,
1865,
1865,
1832,20
1819,19
1811,20
1827,21
1831,19
1831,20
1748,22
1707,20
1826,19
1826,22
1826,23
1681,19
1681,22
1803,20
1804,22
1805,20
1829,
1829,
1821,20
1801,20
1820,20
1696,19
1696,22
1861,
1861,
1747,19
1747,22
1830,19
1830,22
1817,21
1818,20
1814,19
1814,23
1808,21
1808,22
1806,24
1807,20
1825,22
1824,19
1823,19
1877,
1877,
1822,20
1724,19
1724,20
1724,25
1860,
1860,
1799,19
1799,22
1629,21
1750,20
1721,21
1749,19
1749,22
1792,19
1792,21
1809,20
1698,19
1753,
1753,
1746,20
1736,19
1736,20
1727,21
1728,19
1726,21
1815,
1815,
1739,19
1739,20
1800,23
1777,
1777,
1718,20
1697,19
1697,20
1697,22
1798,19
1798,20
1668,19
1668,20
1668,22
1668,104
1725,19
1725,20
1740,22
1797,19
1797,21
1797,104
1796,24
1730,25
1731,19
1731,22
1743,23
1744,19
1744,20
1745,21
1667,20
1738,23
1723,
1723,
1776,
1776,
1722,19
1722,22
1661,19
1729,19
1729,22
1741,19
1741,20
1741,22
1720,22
1719,20
1791,19
1791,21
1793,19
1793,22
1732,20
1694,19
1694,21
1705,20
1704,22
1702,21
1708,22
1708,104
1693,19
1711,
1711,
1717,20
1687,20
1775,
1775,
1709,22
1709,23
1691,19
1691,104
1703,20
1703,21
1689,19
1689,21
1710,24
1692,19
1692,20
1733,21
1733,22
1733,104
1669,23
1712,22
1713,22
1714,20
1648,22
1802,
1802,
1774,
1774,
1660,22
1690,19
1690,20
1686,19
1686,21
1686,23
1659,19
1659,20
1653,20
1680,21
1666,23
1657,20
1683,22
1684,19
1685,23
1673,20
1682,
1682,
1665,19
1665,23
1678,
1678,
1656,19
1656,23
1654,19
1654,21
1654,22
1655,19
1655,20
1664,22
1664,104
1634,21
1634,23
1663,19
1663,23
1598,21
1649,20
1650,19
1651,22
1651,104
1636,
1636,
1630,
1630,
1647,19
1674,
1674,
1646,20
1645,20
1624,19
1624,20
1658,23
1633,22
1575,19
1575,20
1632,19
1632,22
1626,19
1625,21
1625,104
1627,20
1635,19
1635,20
1601,
1601,
1623,20
1672,
1672,
1622,19
1622,22
1631,20
1605,23
1600,22
1599,19
1599,22
1620,20
1543,
1543,
1597,20
1604,19
1603,20
1366,
1366,
1596,19
1596,23
1671,
1671,
1595,19
1595,20
1594,25
1592,19
1592,22
1403,20
1591,19
1591,22
1590,19
1590,21
1570,19
1570,20
1589,23
1572,22
1573,19
1546,23
1588,19
1588,23
1561,
1561,
1587,20
1644,
1644,
1586,19
1586,21
1564,21
1585,24
1569,22
1584,20
1628,19
1628,20
1574,19
1565,24
1545,22
1545,23
1547,
1547,
1560,
1560,
1571,
1571,
1582,
1582,
1559,19
1559,20
1583,
1583,
1558,19
1558,20
1556,22
1557,19
1568,20
1555,19
1555,23
1581,
1581,
1567,19
1567,22
1567,23
1541,21
1478,20
1540,20
1528,
1528,
1539,
1539,
1538,
1538,
1613,
1613,
1537,19
1537,20
1535,23
1536,20
1534,104
1533,
1533,
1447,
1447,
1519,22
1519,104
1542,20
1527,19
1526,20
1531,19
1566,24
1414,
1414,
1616,
1616,
1450,19
1525,22
1523,19
1523,20
1530,20
1522,20
1529,
1529,
1513,24
1532,19
1532,20
1511,19
1511,20
1470,20
1512,21
1509,
1509,
1451,22
1451,104
1508,21
1562,
1562,
1524,19
1507,19
1507,20
1518,20
1517,21
1506,21
1506,23
1514,
1514,
1505,19
1505,20
1503,20
1502,20
1510,19
1501,
1501,
1500,20
1500,25
1499,21
1550,
1550,
1498,20
1497,23
1466,19
1489,22
1468,19
1468,22
1487,
1487,
1488,21
1504,19
1504,22
1379,20
1486,22
1472,
1472,
1477,19
1477,20
1479,19
1428,
1428,
1476,19
1476,22
1491,19
1491,23
1461,20
1515,24
1454,19
1465,20
1475,19
1473,20
1415,20
1474,20
1474,23
1544,
1544,
1492,19
1492,23
1376,20
1495,
1495,
1448,19
1448,23
1471,19
1471,20
1471,22
1419,19
1467,21
1446,20
1462,24
1219,19
1445,19
1485,23
1453,23
1452,
1452,
1483,19
1483,22
1483,23
1399,20
1516,
1516,
1449,20
1482,19
1482,21
1356,20
1356,23
1359,21
1359,22
1394,20
1392,19
1298,
1298,
1425,19
1425,21
1424,23
1423,19
1423,22
1420,20
1421,
1421,
1494,
1494,
1469,19
1469,21
1443,20
1246,22
1484,19
1484,104
1395,20
1310,23
1464,21
1418,24
1416,21
1378,23
1380,20
1383,
1383,
1393,22
1393,23
1493,
1493,
1413,21
1344,19
1355,20
1411,19
1411,23
1220,19
1382,22
1458,20
1381,24
1444,20
1417,24
1459,22
1377,19
1377,20
1363,
1363,
1401,19
1401,21
1457,
1457,
1412,20
1297,20
1360,23
1277,21
1277,22
1279,20
1410,22
1300,19
1300,22
1299,20
1311,21
1354,19
1354,21
1353,21
1291,22
1375,20
1374,21
1372,
1372,
1373,21
1373,22
1343,19
1398,20
1358,21
1357,19
1357,23
1357,104
1346,19
1346,22
1480,
1480,
1364,19
1364,20
1352,
1352,
1351,23
1349,21
1350,19
1350,21
1345,23
1347,22
1321,19
1397,23
1365,25
1342,
1342,
1427,
1427,
1348,
1348,
1341,22
1341,23
1329,19
1329,20
1339,20
1324,20
1338,21
1338,22
1396,20
1330,23
1331,19
1331,104
1426,
1426,
1332,
1332,
1328,20
1309,
1309,
1327,20
1340,19
1337,22
1302,20
1288,19
1288,104
1290,19
1290,20
1308,20
1336,
1336,
1325,23
1325,104
1303,22
1304,24
1306,
1306,
1305,19
1320,19
1320,20
1289,20
1289,23
1326,20
1312,19
1312,23
1301,20
1301,104
1307,21
1307,104
1335,
1335,
1295,
1295,
1292,19
1292,22
1294,19
1294,21
1293,20
1287,20
1286,19
1285,22
1285,23
1281,19
1281,104
1258,20
1258,23
1276,20
1334,
1334,
1275,
1275,
1274,20
1273,20
1272,19
1272,20
1271,19
1271,20
1268,19
1268,22
1264,20
1257,21
1267,22
1333,
1333,
1256,19
1256,22
1255,19
1255,104
1247,
1247,
1254,19
1254,104
1253,19
1192,20
1252,19
1252,21
1162,23
1251,19
1251,21
1251,22
1245,19
1245,21
1284,
1284,
1221,23
1228,23
1228,104
1229,
1229,
1230,20
1227,24
1226,20
1225,20
1270,19
1270,23
1194,19
1199,19
1283,
1283,
1250,20
1250,22
1218,
1218,
1216,20
1217,20
1196,
1196,
1215,19
1215,23
1222,21
1222,23
1222,104
1214,20
1223,19
1211,20
1193,22
1193,23
1282,
1282,
1185,20
1187,19
1187,20
1165,
1165,
1186,22
1212,22
901,20
1189,24
1195,21
1197,19
1197,22
1280,
1280,
1231,19
1231,20
1231,23
1183,20
1184,19
1184,22
1174,19
1174,20
1172,
1172,
1188,20
1191,19
1191,22
849,20
1182,20
1153,20
1145,21
1204,
1204,
1180,22
1171,19
1157,19
1082,
1082,
1164,20
1210,20
1210,21
890,20
1181,23
1161,19
1161,23
1159,22
1203,
1203,
1156,20
1156,22
1158,20
1166,21
1144,
1144,
1155,19
1154,19
1154,20
1160,20
1152,19
1152,21
1202,
1202,
1150,20
1146,22
1141,20
1143,23
1149,
1149,
1142,19
1140,20
1140,25
1139,19
1138,19
1138,22
1138,23
1137,19
1137,20
1136,20
1135,21
1201,
1201,
1133,22
1132,25
1131,21
1134,
1134,
1127,20
1097,22
1126,19
1126,20
1125,19
1124,19
1124,22
1200,
1200,
1123,20
1121,20
1070,
1070,
1122,22
1120,19
1120,22
1109,19
1118,21
1108,104
1107,20
1107,23
1106,20
1074,22
1173,
1173,
1105,19
1105,22
1104,20
1119,
1119,
1103,21
1095,19
1083,19
1102,20
1094,20
1094,23
1101,19
1075,19
1075,22
1148,
1148,
1093,
1093,
1050,20
1092,23
1091,19
1091,21
1076,19
1086,20
1090,19
1066,23
1129,
1129,
1072,19
1072,20
1069,21
1071,20
1085,
1085,
1068,19
1068,20
873,22
1055,19
1065,19
1065,20
1067,20
1073,
1073,
1110,
1110,
1053,20
1051,21
1051,23
1054,
1054,
1052,20
1063,19
1063,21
977,19
977,20
1064,104
1049,20
1049,23
1048,22
1048,23
1047,24
1089,
1089,
1041,20
1043,22
1043,23
1018,
1018,
1042,19
1046,21
1045,22
1040,20
1039,19
1038,25
1037,22
1030,
1030,
1014,
1014,
1019,20
1020,23
1021,23
1017,20
1017,23
1036,20
1035,19
995,23
1016,19
1016,22
1015,
1015,
1029,
1029,
1044,
1044,
1011,19
1011,22
1010,20
1010,23
1009,21
1012,23
996,20
996,22
1008,20
1013,21
994,19
994,20
1028,
1028,
984,19
984,104
989,21
990,22
991,20
992,
992,
987,20
986,21
988,20
985,
985,
993,22
1025,
1025,
983,19
983,22
1034,
1034,
981,20
980,19
979,20
978,20
1007,23
976,20
975,22
975,23
851,22
967,23
1002,
1002,
1024,
1024,
944,20
944,23
943,22
929,19
966,21
965,19
965,20
965,21
965,22
964,20
963,19
962,20
1001,
1001,
961,20
959,20
958,19
1023,
1023,
960,23
942,20
941,19
941,20
940,21
939,22
938,22
1000,
1000,
896,24
852,21
927,19
927,20
928,20
1003,
1003,
926,20
936,20
925,22
924,22
924,23
923,19
923,104
922,20
999,
999,
970,
970,
916,23
917,19
917,22
945,104
870,21
813,22
921,22
921,23
907,20
915,19
906,25
949,
949,
969,
969,
918,19
918,21
904,20
826,20
897,21
897,23
902,19
902,20
937,19
937,21
937,22
900,19
900,20
898,20
952,
952,
899,104
935,
935,
889,23
903,21
903,22
905,20
886,23
894,20
895,22
891,
891,
888,22
884,19
884,20
816,
816,
893,20
892,19
892,20
934,
934,
854,19
854,20
883,20
887,22
887,23
853,20
777,19
879,24
875,20
909,
909,
871,23
877,19
874,19
874,22
830,
830,
878,22
878,23
869,19
869,20
668,22
858,21
857,23
882,
882,
850,20
856,22
856,23
862,
862,
855,25
827,24
876,19
876,22
825,20
817,19
817,22
824,104
823,23
822,21
864,
864,
819,20
784,
784,
821,22
820,20
809,20
812,20
811,19
818,19
818,21
802,21
802,22
801,23
832,
832,
814,
814,
807,23
805,22
806,19
804,21
804,22
808,19
794,19
794,20
810,22
810,23
803,20
803,23
795,23
834,
834,
799,
799,
792,19
792,22
793,19
793,20
791,21
791,22
789,19
789,22
790,20
788,22
787,23
786,20
755,23
815,
815,
776,22
765,
765,
774,20
775,21
773,20
772,19
772,20
771,20
702,19
702,20
648,21
649,22
646,20
611,19
643,19
643,20
770,22
770,23
761,20
783,
783,
767,20
768,21
769,20
760,20
759,20
758,19
756,20
697,19
697,20
757,21
752,24
753,20
754,19
754,20
782,
782,
751,19
750,22
737,19
737,20
736,25
700,20
735,22
735,23
739,
739,
673,19
673,20
733,22
734,19
732,20
731,19
731,22
730,20
699,21
699,22
728,20
679,20
679,23
710,19
711,19
711,22
712,19
712,21
712,22
714,
714,
725,21
726,19
724,22
723,20
722,19
722,21
655,20
655,23
719,20
720,22
721,20
742,
742,
635,20
635,22
738,
738,
718,23
681,19
682,23
701,19
701,20
708,24
705,21
706,19
707,22
713,
713,
680,20
704,21
704,22
703,22
690,20
717,19
698,21
687,19
688,22
688,23
689,21
693,
693,
686,20
685,22
684,19
677,20
675,21
533,20
672,23
674,20
676,
676,
695,21
671,19
671,22
670,20
669,20
667,19
667,20
662,24
645,19
645,23
638,19
639,19
661,20
663,
663,
666,20
628,20
640,23
641,
641,
660,20
657,19
657,22
656,20
652,22
653,20
654,20
644,21
644,22
650,21
651,19
636,22
637,22
634,22
634,23
615,
615,
625,21
632,22
633,22
604,20
626,19
626,20
624,21
624,22
623,19
622,23
621,19
621,21
621,22
613,
613,
618,19
619,20
620,22
603,19
617,21
616,22
610,20
609,20
605,19
605,20
600,
600,
606,21
606,22
607,23
608,25
602,19
602,20
601,19
596,20
595,23
594,20
594,21
593,21
586,20
591,19
592,20
598,
598,
590,19
590,20
589,20
588,19
585,19
584,19
584,20
582,19
582,22
576,
576,
579,19
580,20
581,20
583,19
583,22
578,20
577,20
560,20
573,20
532,24
558,19
558,20
568,21
568,22
572,19
572,20
575,
575,
571,19
571,22
566,22
570,20
564,19
536,21
559,19
556,19
563,24
567,21
569,
569,
557,20
562,19
562,20
555,23
531,22
528,21
528,22
546,20
549,20
550,20
551,19
561,
561,
461,20
552,20
535,22
527,19
516,22
537,19
537,20
518,21
521,23
522,20
529,
529,
520,20
526,22
523,20
510,20
503,19
503,22
509,19
507,21
508,23
511,20
530,
530,
506,20
500,19
517,21
505,23
499,20
502,20
496,20
497,19
501,19
519,
519,
486,20
482,20
492,19
492,20
490,20
485,19
481,19
481,20
478,20
487,20
488,22
498,
498,
479,19
479,23
493,22
480,19
475,25
466,20
383,21
402,
402,
467,22
474,20
476,19
458,20
464,20
477,19
477,22
384,20
457,20
450,24
413,
413,
453,20
454,20
455,21
410,19
426,22
445,19
445,20
449,20
452,23
424,20
408,20
411,21
425,19
425,22
390,23
427,20
427,21
389,19
401,
401,
428,19
429,
429,
438,20
366,23
423,20
430,19
385,20
400,
400,
397,20
397,22
388,22
386,20
339,19
339,22
379,19
379,20
396,22
307,19
307,22
373,20
372,21
399,
399,
375,19
375,20
375,23
392,20
356,20
381,20
353,20
353,22
374,22
370,20
364,19
364,21
349,20
352,20
371,19
371,23
362,20
348,19
354,23
355,
355,
358,22
344,20
357,20
347,23
351,22
335,20
330,19
336,19
336,23
338,20
327,20
334,21
341,20
340,20
340,22
329,20
323,19
317,19
315,23
326,19
326,23
305,22
309,19
309,21
328,19
328,20
319,19
318,20
316,19
296,20
306,19
306,20
313,22
312,19
312,22
308,19
304,20
300,20
303,19
299,20
295,19
283,22
297,21
212,19
212,20
213,20
285,21
285,22
280,19
278,20
284,19
281,21
282,19
282,20
279,20
277,22
272,19
272,21
275,19
271,20
270,20
269,19
269,22
266,23
183,
183,
265,19
216,
216,
197,21
217,19
246,20
246,23
181,
181,
249,
249,
233,19
199,19
230,
230,
175,19
157,
157,
196,
196,
244,
244,
253,19
200,19
195,19
195,20
195,22
176,19
176,23
