SN ID
2736
2598
2735
2540
2734
2733
2509
2666
2582
2430
2444
2446
2445
2414
2572
2390
2565
2564
2359
2563
2345
2468
2316
2466
2465
2280
2464
2264
2319
2245
2308
2233
2197
2225
2176
2208
2103
2209
2210
2072
2156
2089
2155
1992
2130
2123
2021
2040
2043
2016
2017
1969
1971
1962
1932
1961
1915
1952
1902
1859
1960
1834
1865
1829
1861
1860
1815
1777
1723
1776
1711
1775
1774
1682
1678
1630
1674
1601
1672
1671
1561
1644
1571
1582
1528
1613
1616
1509
1562
1501
1550
1472
1428
1495
1452
1516
1421
1494
1383
1493
1457
1372
1480
1352
1427
1348
1426
1336
1306
1335
1295
1334
1275
1333
1284
1229
1283
1196
1282
1165
1280
1204
1082
1203
1144
1202
1149
1201
1200
1070
1173
1119
1148
1093
1129
1110
1054
1089
1018
1030
1014
1029
1028
992
1025
1034
1002
1024
1001
1023
1000
1003
999
970
949
969
952
935
816
934
909
830
882
862
864
784
832
814
834
815
765
783
782
714
742
738
693
663
641
615
600
576
569
529
530
519
498
413
401
400
399
355
