SN ID,SN ID (from Songs),SN ID (from Locations)
2602,3350,141
2602,3357,87
2602,1076,41
2603,3353,156
2603,3354,140
2603,2942,51
2603,2230,98
2603,3161,146
2603,192,60
2599,2506,80
2599,543,118
2600,2445,11
2600,1896,53
2601,2864,50
2601,2860,18
2597,342,48
2597,3107,94
2597,2328,112
2597,3158,2
2596,1607,115
2596,1413,105
2596,1659,44
2596,291,116
2736,1237,6
2595,1179,17
2595,1293,3
2595,1651,155
2595,1987,138
2595,1124,51
2595,1558,113
2595,1131,160
2595,1634,65
2594,1386,178
2594,2992,35
2594,3359,53
2594,2980,127
2594,611,92
2594,3119,8
2594,2541,41
2594,2362,145
2594,3358,101
2594,3203,54
2593,2024,81
2593,3363,2
2593,330,135
2593,3361,90
2593,3364,165
2592,1065,11
2592,207,40
2592,3348,56
2592,1923,87
2591,3183,17
2591,3336,101
2591,510,25
2591,2920,146
2590,3322,77
2590,1105,100
2590,3323,123
2590,170,79
2590,2660,117
2589,3329,38
2589,713,80
2589,1472,138
2589,1470,6
2589,1468,58
2441,1509,59
2441,3271,93
2441,3272,34
2441,917,5
2587,2587,164
2587,3345,158
2587,2226,161
2587,1442,127
2588,3309,139
2588,1942,135
2588,3308,18
2588,311,74
2588,2850,146
2586,2708,59
2586,2710,67
2585,2423,56
2585,2422,139
2440,493,143
2440,2914,47
2555,1685,37
2555,843,136
2555,3328,107
2555,986,91
2554,3325,69
2554,431,95
2554,3326,141
2554,1232,90
2554,3327,140
2552,2912,18
2552,1056,164
2552,3188,124
2552,2242,6
2553,3319,74
2553,742,78
2553,3320,89
2553,738,66
2553,2272,33
2735,1226,20
2551,3368,98
2551,3367,72
2551,3366,165
2551,3158,90
2551,3365,28
2550,3312,139
2550,420,70
2550,543,92
2549,3314,99
2549,355,116
2549,3313,2
2549,2119,62
2548,2892,143
2548,1179,146
2548,2991,93
2548,3307,59
2548,1126,179
2546,1741,112
2546,257,159
2546,3273,41
2546,996,17
2547,3333,95
2547,3334,47
2547,2302,101
2547,1832,52
2547,2330,161
2544,3306,65
2544,2467,5
2544,3302,167
2544,3301,108
2544,2400,62
2545,2177,123
2545,2608,32
2545,3303,145
2545,1921,54
2545,3304,92
2545,1920,38
2542,638,106
2542,1382,75
2541,883,84
2541,2390,56
2543,1956,67
2543,2202,161
2449,3362,47
2449,669,108
2449,920,113
2449,1707,135
2449,1174,45
2530,2076,91
2530,493,110
2530,491,145
2530,2913,98
2536,1041,118
2536,3279,165
2536,2371,81
2536,1256,87
2531,1087,156
2531,1086,35
2531,1986,86
2531,2896,138
2531,3274,127
2734,1224,28
2537,1323,8
2537,3311,159
2537,1111,78
2537,3310,111
2537,2996,58
2448,3316,65
2448,3049,117
2448,2771,77
2448,1504,101
2538,1669,70
2538,2060,50
2538,3318,8
2538,3011,32
2538,2425,38
2533,3315,94
2533,3265,27
2533,3264,104
2533,3266,45
2533,2141,54
2539,2513,20
2539,1944,6
2539,3305,70
2529,906,82
2529,2669,105
2529,324,160
2529,3292,44
2529,3285,62
2528,528,11
2528,2141,163
2528,261,178
2528,1161,72
2528,1904,110
2528,2919,158
2528,3084,146
2528,2809,17
2528,2273,95
2528,343,52
2528,1166,90
2528,2406,139
2532,3280,146
2532,3281,161
2532,2537,53
2532,3282,139
2532,2291,80
2526,2476,117
2526,2243,89
2527,2911,69
2527,378,68
2525,1181,67
2525,2416,145
2534,2786,135
2534,814,164
2534,102,27
2534,1703,17
2522,3287,28
2522,3207,110
2522,3050,146
2521,3293,66
2521,2405,64
2521,2941,33
2521,3294,98
2521,891,99
2420,2839,20
2420,3242,2
2420,3241,92
2420,3243,140
2733,1207,18
2518,3275,161
2518,3276,113
2518,3277,90
2518,1389,160
2352,3102,64
2352,2133,136
2352,641,113
2352,339,135
2352,1231,80
2352,3001,41
2516,1510,167
2516,2557,158
2516,2838,67
2516,3257,5
2517,3268,20
2517,3269,42
2517,3270,25
2517,3103,100
2517,1791,146
2520,2903,46
2520,1802,142
2520,3258,156
2515,2388,45
2515,2475,124
2515,1815,53
2515,1806,77
2515,2858,65
2513,3247,136
2513,3248,3
2513,761,62
2513,3249,111
2513,264,139
2513,2058,26
2513,3173,11
2535,3225,139
2535,3226,43
2535,3233,26
2535,3228,163
2535,3227,90
2510,1218,71
2510,2391,50
2511,2375,61
2511,2227,38
2512,1889,59
2512,2139,13
2508,494,91
2508,869,138
2508,3267,1
2508,3087,56
2292,3064,98
2292,3063,44
2292,2560,97
2292,3062,52
2368,3215,93
2368,1092,68
2368,493,18
2368,1120,100
2519,3054,89
2519,3240,37
2519,2252,8
2519,1257,58
2519,2052,87
2519,774,86
2666,74,163
2506,3262,79
2506,3253,155
2506,3259,62
2506,3254,53
2506,610,29
2506,3260,111
2502,3003,139
2502,1987,1
2502,2175,72
2502,3256,158
2502,2765,25
2502,2894,143
2502,3007,90
2502,2756,117
2502,1127,28
2344,1628,32
2344,3255,6
2344,3100,11
2344,477,104
2503,3244,13
2503,1618,55
2503,3245,127
2503,3246,103
2503,2429,41
2503,2315,123
2405,778,54
2405,1186,5
2406,3060,159
2406,1558,98
2408,1103,45
2408,3068,66
2407,474,17
2407,2754,74
2409,1713,73
2409,1035,67
2410,3069,13
2410,2186,90
2505,2670,105
2505,3224,69
2505,654,35
2505,1663,145
2504,1291,33
2504,921,160
2504,3235,56
2504,3234,78
2504,445,77
2378,323,80
2378,1417,146
2433,2117,31
2433,205,41
2347,2717,20
2347,1842,138
2500,1368,65
2500,817,64
2500,3212,140
2500,2197,90
2500,2382,32
2338,3229,60
2338,2020,158
2338,1293,139
2582,469,180
2499,3217,28
2499,3219,156
2499,3216,41
2499,3218,159
2499,3220,17
2498,2850,98
2498,1678,81
2498,1366,135
2498,848,34
2364,828,60
2364,2765,6
2364,2465,33
2364,1126,143
2497,3192,160
2497,2275,91
2497,1760,78
2497,3193,107
2497,2271,66
2497,509,62
2354,291,75
2354,2396,50
2354,856,123
2496,1248,146
2496,1383,100
2496,615,86
2496,613,136
2496,3211,145
2495,3213,98
2495,3214,90
2495,2439,2
2495,3263,108
2495,1523,139
2495,1525,18
2494,3230,67
2494,2350,59
2494,3231,64
2494,3232,167
2492,3206,139
2492,3204,42
2492,2201,101
2492,3207,17
2492,3205,62
2493,3223,156
2493,3210,54
2493,3209,40
2493,1626,66
2493,3221,110
2493,3208,146
2491,2747,73
2491,2190,106
2490,2021,16
2490,1709,127
2489,1456,32
2489,389,41
2428,2389,117
2428,2942,35
2428,2299,38
2419,3196,92
2419,160,27
2419,1713,59
2419,1714,161
2419,399,146
2427,3195,124
2427,882,34
2427,991,142
2427,2883,180
2427,2149,98
2424,3173,99
2424,2404,135
2424,1064,156
2424,885,11
2426,2917,53
2426,3197,40
2426,1180,3
2426,1293,26
2426,2658,139
2423,621,29
2423,2176,56
2423,410,68
2423,1145,58
2423,1160,2
2423,417,117
2422,3201,94
2422,1800,161
2422,1981,105
2422,3202,140
2422,1384,90
2422,3203,47
2422,636,52
2422,391,45
2389,3200,95
2389,2302,160
2389,1823,8
2389,3199,45
2389,1832,59
2389,1206,101
2418,472,28
2418,1674,44
2418,1624,81
2418,1137,136
2418,3171,68
2421,1677,97
2421,1749,70
2421,2371,18
2421,1515,80
2421,3085,118
2432,3191,62
2432,401,104
2432,1799,107
2432,3190,143
2432,1533,116
2432,1686,77
2329,3059,82
2329,1337,138
2329,2334,79
2329,3056,84
2416,1378,53
2416,1379,95
2417,1818,127
2417,1549,66
2415,1998,60
2415,2625,78
2413,3189,165
2413,2153,141
2413,2396,87
2413,1416,94
2413,1608,99
2412,2515,37
2412,3001,72
2412,3188,46
2572,775,161
2379,2901,6
2379,3142,48
2379,3141,123
2379,2949,65
2411,3187,73
2411,345,33
2411,2861,115
2411,3152,38
2401,2310,41
2401,2308,93
2401,1140,91
2425,3178,118
2425,3033,92
2425,2374,103
2425,2957,35
2425,860,101
2400,425,54
2400,1793,100
2400,863,67
2400,986,90
2400,1584,32
2400,1792,28
2395,3177,5
2395,3175,40
2395,3176,1
2395,1331,158
2395,3174,45
2397,2539,106
2397,1232,71
2397,3170,140
2397,609,79
2366,626,55
2366,3112,56
2366,3113,77
2366,843,44
2366,935,86
2366,523,89
2399,2269,8
2399,2697,116
2399,2370,27
2399,838,80
2396,3185,139
2396,599,38
2396,3184,11
2396,3183,52
2396,1816,32
2396,2920,101
2392,2956,2
2392,2015,143
2394,1985,180
2394,2333,55
2393,2453,70
2393,2758,18
2388,3167,66
2388,847,112
2388,311,81
2388,1749,27
2388,1677,105
2387,528,60
2387,3161,142
2387,2405,69
2387,2858,104
2565,1348,160
2391,879,48
2391,3016,34
2391,239,106
2391,1898,64
2386,1671,123
2386,1664,11
2386,2263,138
2386,3150,91
2386,2855,117
2383,801,105
2383,3182,61
2383,3181,135
2383,1395,107
2383,805,59
2384,1328,139
2384,3163,90
2384,2962,17
2385,3159,46
2385,3160,44
2385,3158,87
2380,1655,20
2380,3166,69
2380,3162,89
2380,3165,138
2380,3164,91
2381,3139,145
2381,3140,34
2381,406,146
2381,2452,65
2367,2377,67
2367,1509,101
2367,73,158
2367,2399,93
2367,2886,77
2367,1502,32
2300,3048,68
2300,2412,29
2300,3047,17
2300,3051,84
2300,3052,73
2322,3096,11
2322,3105,140
2322,3044,52
2322,3104,145
2322,3043,101
2377,2853,80
2377,2854,6
2376,2859,54
2376,1333,33
2333,294,103
2333,485,64
2370,3144,50
2370,1161,99
2370,3143,35
2372,3129,90
2372,3130,94
2372,3131,91
2372,3132,80
2564,1184,167
2429,298,8
2429,3168,47
2429,2218,62
2429,3011,27
2371,1249,20
2371,1735,13
2371,3138,100
2371,3137,41
2431,3147,52
2431,3149,8
2431,1867,45
2431,3148,107
2431,2126,161
2431,1125,78
2369,3157,139
2369,3155,38
2369,665,155
2369,967,116
2369,3154,160
2358,2356,124
2358,2300,46
2358,1815,98
2358,3117,143
2358,524,79
2373,3145,74
2373,1066,37
2373,3146,115
2373,366,16
2373,162,127
2330,613,104
2330,1185,3
2330,611,52
2398,3153,86
2398,3152,161
2398,2992,20
2398,2756,158
2398,2892,163
2398,2922,37
2402,761,118
2402,301,41
2402,532,180
2402,473,92
2402,1707,60
2403,482,62
2403,3321,55
2403,293,27
2403,294,38
2403,1991,52
2362,1816,78
2362,2425,68
2360,1630,156
2360,2600,136
2361,2535,92
2361,2085,47
2327,3036,67
2327,355,17
2327,2511,101
2327,2751,146
2238,1984,98
2238,3005,37
2238,1755,44
2238,3006,135
2563,1302,173
2328,3111,53
2328,1397,107
2328,3110,34
2328,482,58
2328,490,2
2351,3107,75
2351,2912,160
2351,3108,18
2356,1825,167
2356,3133,45
2356,3134,52
2356,3135,16
2356,3136,61
2331,2210,71
2331,1504,93
2331,1900,38
2382,1883,5
2382,1153,59
2382,1495,69
2382,1440,159
2382,2236,145
2355,476,165
2355,3114,87
2355,3115,95
2355,447,94
2365,3122,95
2365,2975,116
2365,3123,140
2365,1256,28
2353,1294,142
2353,2175,29
2353,272,155
2353,1987,48
2353,3109,117
2353,1293,65
2350,3127,32
2350,3120,42
2350,3125,51
2350,3126,90
2350,3103,62
2349,3120,108
2349,3119,1
2349,3121,58
2349,3118,59
2349,1979,161
2348,2764,91
2348,2771,93
2332,2532,45
2332,2533,62
2346,1964,127
2346,2927,156
2325,1900,67
2325,3032,66
2325,3031,146
2325,1208,17
2325,1036,139
2172,2880,64
2172,2808,145
2172,974,37
2179,2097,104
2179,2148,11
2179,207,53
2343,2183,107
2343,3089,68
2343,3090,110
2343,379,162
2343,2659,139
2468,1237,32
2341,869,108
2341,3088,159
2341,171,35
2341,3087,5
2341,1979,136
2357,329,113
2357,1902,70
2357,1933,77
2312,1251,138
2312,3067,48
2312,1896,82
2312,3066,45
2339,421,94
2339,3091,100
2339,2436,33
2339,3093,58
2339,3092,117
2286,2829,98
2286,1679,67
2286,1257,65
2337,239,161
2337,867,43
2337,353,25
2337,2457,42
2337,3103,79
2306,2456,108
2306,1572,159
2306,1632,34
2306,2752,59
2306,2557,158
2306,777,80
2306,2267,163
2306,1791,160
2306,1611,27
2306,2467,62
2306,2827,33
2306,2156,146
2314,3099,13
2314,3098,105
2314,473,92
2314,2060,141
2314,2613,112
2314,481,11
2301,322,86
2301,1041,103
2318,1887,20
2318,430,124
2317,2213,81
2317,1470,48
2315,1398,89
2315,273,158
2315,3046,1
2315,1127,25
2315,3050,90
2291,2171,55
2291,2552,46
2291,1708,2
2291,1227,145
2291,1601,79
2291,843,54
2313,2512,41
2313,1569,27
2313,3077,70
2313,3076,17
2466,1226,135
2342,3094,28
2342,3095,51
2342,2299,6
2342,2231,38
2342,527,56
2336,1115,44
2336,1132,2
2336,2546,77
2336,3101,99
2259,2999,8
2259,3000,59
2259,2677,69
2259,2054,34
2259,2055,158
2259,2422,60
2186,2878,98
2186,2879,67
2186,2877,146
2305,3075,93
2305,2092,161
2305,1788,73
2305,2094,146
2302,2464,60
2302,2465,155
2302,2765,91
2302,3049,32
2303,330,118
2303,1101,50
2303,509,138
2303,532,116
2303,3086,160
2363,3068,69
2363,3172,103
2363,987,180
2363,2138,41
2363,3180,50
2340,3080,143
2340,3079,158
2340,3078,69
2297,2670,28
2297,2854,37
2298,1657,80
2298,1659,47
2299,2547,38
2299,2009,64
2294,1503,94
2294,783,115
2294,1719,155
2294,1135,90
2294,3065,100
2239,2967,29
2239,2178,73
2239,2434,6
2239,2964,99
2239,2225,34
2239,2965,59
2304,3070,45
2304,1796,159
2304,1389,91
2304,3071,11
2465,1224,145
2295,3082,123
2295,3083,135
2295,297,47
2295,3084,87
2295,3085,118
2293,2139,127
2293,1889,18
2293,2563,83
2293,2138,101
2099,2344,5
2099,2198,112
2099,2865,66
2099,2866,111
2099,1704,16
2289,3054,89
2289,2956,78
2289,309,69
2289,3053,141
2289,3055,27
2288,687,54
2288,366,67
2288,371,123
2288,1850,58
2288,2233,2
2290,2228,52
2290,3033,16
2290,1080,41
2285,855,84
2285,3029,97
2285,1095,44
2285,1799,138
2285,2164,105
2285,170,8
2287,3061,34
2287,1871,140
2287,642,17
2287,1807,79
2287,2660,117
2169,2885,33
2169,2751,2
2169,2176,62
2283,2738,74
2283,1658,32
2281,2775,75
2281,870,77
2282,2784,95
2282,2558,100
2279,1441,115
2279,1175,48
2279,3012,113
2279,3013,33
2279,3014,86
2279,2426,45
2278,3027,159
2278,1924,161
2278,2804,90
2278,1084,72
2278,2855,79
2271,2984,56
2271,1862,108
2271,2853,46
2271,654,127
2271,2983,124
2270,3034,20
2270,2499,18
2270,2771,64
2464,1207,155
2321,1056,35
2321,367,99
2321,1378,91
2321,2912,138
2321,416,11
2321,688,62
2274,2587,87
2274,2267,117
2274,3042,146
2276,2369,50
2276,3015,161
2276,1903,135
2276,863,107
2276,2262,34
2275,2997,17
2275,237,2
2275,350,156
2275,1983,140
2275,2998,38
2275,1442,101
2272,1111,66
2272,2110,78
2272,3041,47
2320,2906,160
2320,2687,104
2320,730,6
2320,2565,55
2320,2869,145
2268,720,139
2268,3003,158
2268,3004,79
2268,1148,163
2268,1180,38
2269,1818,145
2269,1179,42
2269,1978,51
2269,350,56
2269,211,13
2266,1984,37
2266,2712,105
2267,2849,70
2267,2848,80
2265,2820,112
2265,2821,89
2253,1435,94
2253,2970,155
2253,1064,136
2253,2368,35
2253,2988,142
2253,1063,11
2249,2415,90
2249,2633,158
2249,1897,56
2249,1166,58
2249,2336,91
2258,3025,87
2258,3024,118
2258,1413,43
2258,3026,160
2261,3018,100
2261,3022,16
2261,3021,91
2261,3019,143
2261,3020,53
2261,1789,60
2319,74,156
2263,3016,92
2263,2753,59
2263,1031,5
2263,2919,141
2263,2837,115
2263,945,48
2263,2210,62
2263,1790,32
2254,2994,67
2254,2156,116
2254,2766,69
2254,2106,65
2236,2991,17
2236,2865,93
2236,2993,73
2236,3002,108
2256,2985,117
2256,2546,138
2256,2973,127
2256,2632,6
2246,2963,33
2246,1713,41
2246,2557,158
2246,2962,47
2273,1666,95
2273,601,99
2273,606,123
2273,1108,8
2273,2989,34
2323,3009,104
2323,2992,58
2323,1185,101
2323,3007,71
2323,1711,68
2323,3008,106
2257,2144,27
2257,989,84
2257,428,13
2257,2978,82
2257,2979,44
2257,2193,18
2257,909,86
2251,2151,20
2251,2720,146
2252,2301,45
2252,2695,8
2158,2833,79
2158,2850,2
2277,1617,71
2277,288,100
2277,389,25
2277,1918,117
2277,2770,77
2262,1901,29
2262,2475,124
2262,2996,28
2262,2389,54
2308,469,89
2255,3010,123
2255,1816,161
2255,2920,32
2255,3011,17
2248,778,145
2248,2449,40
2248,2972,56
2070,2744,74
2070,377,51
2070,2776,55
2070,1342,92
2241,2960,69
2241,2961,93
2241,1393,61
2241,1395,64
2240,2959,107
2240,2957,41
2240,1991,75
2240,482,65
2242,3128,97
2242,276,116
2242,2930,143
2242,2958,34
2242,2562,113
2242,2138,90
2237,2830,91
2237,2717,80
2237,2976,78
2237,2975,58
2237,2977,107
2243,3001,62
2243,1685,123
2243,1715,50
2243,1256,81
2243,2332,46
2243,1387,38
2260,2012,136
2260,2982,79
2260,2869,54
2260,2484,139
2250,1261,11
2250,2986,26
2250,2987,158
2250,2499,42
2250,1504,67
2223,2579,124
2223,604,106
2224,2441,71
2224,928,18
2235,2405,156
2235,523,117
2114,693,28
2114,2864,37
2114,1366,81
2114,313,140
2114,2860,17
2228,2603,111
2228,2097,105
2228,2149,112
2228,2548,48
2221,2953,46
2221,2491,86
2221,1132,60
2221,2951,32
2221,1313,155
2221,1970,77
2221,1795,98
2221,2949,139
2221,280,20
2221,2952,89
2221,2948,69
2221,807,66
2221,1205,8
2233,775,72
2227,2327,47
2227,2464,2
2227,2765,45
2227,1791,79
1715,897,55
1715,657,103
1715,1664,88
1715,1862,107
1715,1418,91
2220,2955,136
2220,783,142
2220,1084,38
2217,2713,65
2217,2936,11
2217,1686,145
2217,2928,54
2218,915,143
2218,2938,62
2218,2939,41
2218,2940,146
2216,2710,13
2216,2932,6
2216,2935,55
2216,2933,27
2215,2757,90
2215,2956,70
2215,774,135
2215,2015,108
2215,1675,47
2214,603,52
2214,324,145
2214,316,123
2214,420,127
2214,542,116
2214,264,67
2192,1815,46
2192,2945,3
2192,2858,53
2188,2637,140
2188,2638,2
2194,1291,73
2194,1746,101
2182,2628,58
2182,1911,16
2196,2924,78
2196,2925,51
2196,2923,138
2196,1235,113
2196,1584,68
2196,1665,34
2181,2580,18
2181,1001,50
2181,727,105
2181,2954,45
2225,1348,103
2184,2943,124
2184,2941,117
2184,2475,110
2184,2944,43
2184,2942,112
2184,2388,38
2187,2926,41
2187,1320,139
2187,2927,54
2190,1606,156
2190,1695,28
2190,964,87
2190,2937,52
2190,668,32
2205,399,2
2205,2911,64
2205,2912,123
2180,602,45
2180,481,11
2180,2920,17
2195,2838,66
2195,1126,8
2195,2399,77
2195,2919,158
2195,2837,59
2183,1170,13
2183,2889,143
2183,1165,92
2183,2890,62
2183,2222,104
2183,1626,136
2178,2875,116
2178,2873,27
2178,2874,108
2193,1651,139
2193,2922,1
2193,2553,38
2193,1611,67
2193,2921,79
2189,2917,84
2189,1652,72
2189,2835,110
2189,1636,90
2189,2918,97
2177,2669,37
2177,324,135
2185,2555,71
2185,1389,111
2191,206,127
2191,2400,123
2166,493,20
2166,2913,82
2166,2914,45
2171,2899,140
2171,1250,48
2171,638,47
2171,2900,32
2171,2449,117
2171,1382,90
2098,892,108
2098,1338,91
2098,2882,107
2098,2881,84
2098,880,35
2098,2883,138
2204,2916,80
2204,2915,6
2204,1000,89
2208,1184,44
2174,407,54
2174,109,8
2174,2887,56
2174,2888,69
2174,781,77
2174,917,52
2118,2859,95
2118,1333,5
2118,2696,59
2164,906,105
2164,1985,90
2164,2872,86
2164,2333,11
2164,158,41
2165,2891,67
2165,2267,101
2165,2893,60
2173,2946,62
2173,2947,70
2173,2533,27
2173,1691,155
2168,2903,124
2168,934,75
2168,162,58
2168,2904,142
2168,2233,53
2168,2905,139
2104,2836,80
2104,580,28
2104,954,100
2104,2804,17
2110,2326,54
2110,1071,55
2110,2229,89
2110,2313,146
2122,1766,145
2122,2420,20
2170,2452,13
2170,2451,117
2167,2607,2
2167,2119,33
2101,511,106
2101,2839,78
2101,2840,111
2101,2841,93
2101,509,69
2116,2155,101
2116,1818,25
2116,2892,143
2117,2906,38
2117,606,87
2117,1888,44
2117,2907,65
2209,1302,79
2050,2716,105
2050,986,8
2050,2369,27
2050,2715,135
2100,2825,155
2100,2826,18
2100,2827,32
2175,2897,69
2175,339,51
2175,1105,91
2175,2896,66
2175,2165,52
2112,2876,6
2112,2869,48
2112,2868,8
2112,2484,135
2112,2146,56
2112,2593,67
2113,2870,156
2113,2871,143
2113,1652,140
2113,206,90
2113,1084,46
2113,2660,60
2113,2400,139
2201,2908,45
2201,2902,103
2201,2577,127
2201,2901,142
2201,1128,27
2201,1956,92
2201,1957,58
2120,2862,71
2120,2861,112
2120,2863,62
2202,2910,74
2202,1966,2
2202,1043,94
2202,1678,18
2071,2748,73
2071,2157,118
2071,2746,59
2071,1777,47
2071,2747,67
2071,2190,101
2108,260,68
2108,2203,71
2106,882,145
2106,2480,136
2107,2332,111
2107,2688,46
2087,2809,84
2087,2531,82
2087,2200,116
2087,1904,107
2119,2356,91
2119,885,58
2119,519,135
2119,2323,104
2119,2909,108
2097,2853,75
2097,2670,66
2097,2854,20
2097,2855,146
2210,1237,29
2203,1115,115
2203,1978,155
2203,2895,93
2203,1542,95
2203,1124,92
2065,2779,108
2065,2032,91
2065,2791,138
2065,491,32
2065,2778,52
2066,2658,69
2066,2311,78
2066,329,97
2066,1871,55
2066,205,89
2111,2325,117
2111,2857,11
2111,2405,98
2111,1811,53
2111,2858,54
2094,1537,29
2094,1887,47
2094,1108,8
2094,2822,80
2094,1889,105
2094,430,124
2069,2732,123
2069,2733,72
2069,2731,104
2069,2730,103
2102,2500,50
2102,2838,70
2102,2837,118
2102,1713,59
2061,2756,79
2061,2753,47
2061,2755,56
2061,1633,42
2061,2754,158
2061,1718,139
2062,2750,90
2062,2752,69
2062,549,25
2062,2756,26
2062,2749,54
2062,2751,41
2091,2215,92
2091,2462,33
2090,318,95
2090,2501,112
2092,2301,38
2092,1206,52
2086,2116,64
2086,2818,60
2086,2819,65
2088,348,140
2088,2063,46
2088,468,136
2088,2810,117
2088,2811,6
2200,2898,77
2200,1628,72
2200,1625,20
2200,418,48
2200,263,16
2200,1368,67
2156,1226,53
2078,2808,145
2078,2807,98
2078,2806,50
2078,260,143
2078,1539,146
2029,2764,54
2029,2765,91
2029,2465,42
2029,2766,17
2029,2771,25
2029,2770,32
2085,1760,70
2085,1493,80
2085,2272,87
2085,2824,44
2085,2823,27
2083,472,69
2083,2797,41
2083,2798,53
2083,2799,143
2083,2800,90
2084,2834,79
2084,2820,117
2084,2821,46
2081,2802,112
2081,2801,32
2081,2562,98
2080,2377,86
2080,2814,75
2080,916,64
2080,2817,65
2080,566,84
2080,2815,55
2080,1145,62
2080,1293,139
2080,1350,42
2080,2816,5
2080,1586,45
2080,1794,27
2080,2813,71
2080,1800,101
2080,2054,17
2080,1893,52
2080,2676,67
2080,1206,38
2082,2794,99
2082,2795,34
2082,2208,73
2082,2209,18
2082,1140,118
2082,2796,93
2052,2717,155
2052,2298,81
2052,1842,140
2052,1691,90
2109,1881,33
2109,2805,59
2109,901,92
2109,1513,8
2109,634,67
2157,2847,74
2157,2849,95
2157,2848,141
2157,1703,60
2076,2509,135
2076,2508,46
2075,2553,29
2075,2131,11
2074,1384,48
2074,1185,104
2095,336,53
2095,1138,123
2095,1091,115
2095,2851,32
2095,1092,101
2095,490,66
2133,2792,70
2133,1580,141
2133,2504,97
2155,1224,77
2077,2783,45
2077,2784,95
2077,2558,140
2077,2785,41
2077,2786,18
2115,2579,105
2115,427,37
2115,2803,156
2063,2294,6
2063,2532,2
2063,2734,116
2063,2001,100
2064,2740,54
2064,2741,3
2064,2742,40
2064,2263,135
2064,2743,89
2067,770,75
2067,2666,106
2067,2738,93
2067,2739,80
2067,1658,155
2068,2728,34
2068,2695,61
2068,2125,64
2068,2534,60
2073,1046,58
2073,2267,111
2073,2511,78
2073,353,27
2096,2852,104
2096,759,50
2096,2829,98
2096,2833,72
2096,2757,44
2096,2828,138
2060,1235,27
2060,1746,61
2058,858,136
2058,2390,123
2059,2235,155
2059,2019,124
2055,2773,56
2055,2774,135
2055,2775,112
2055,870,65
2055,2333,11
2057,2114,113
2057,2243,78
2057,414,35
2057,2476,86
2046,2707,139
2046,2713,54
2046,1984,20
2046,2712,32
2053,2723,84
2053,341,89
2053,2724,60
2053,419,42
2053,390,67
2130,1207,58
2031,2699,61
2031,1705,106
2031,2301,5
2031,2697,93
2031,2695,18
2031,2696,73
2054,2769,116
2054,2767,107
2054,2772,35
2051,2719,100
2051,2721,124
2051,2151,8
2051,2720,92
2051,2400,139
2049,2704,111
2049,2705,58
2049,2706,34
2049,1421,95
2079,2782,55
2079,2780,50
2079,2781,70
2079,2331,118
2048,924,52
2048,2727,45
2048,1450,33
2048,1146,64
2048,1147,66
2048,211,101
2030,2788,53
2030,2790,115
2030,2789,135
2030,1469,94
2030,2787,98
2093,2660,11
2093,1964,1
2093,1686,138
2037,2430,56
2037,346,61
2038,1818,117
2038,2328,71
2036,2087,105
2036,2406,6
2128,2217,127
2128,1514,92
2128,1816,59
2128,2337,77
2128,2425,136
2044,2680,78
2044,2684,34
2044,2685,40
2044,2686,82
2123,74,50
2033,2703,56
2033,2701,84
2033,2373,106
2033,2702,87
2033,2347,79
2032,2708,93
2032,2710,47
2032,2711,89
2032,1126,111
2035,1797,108
2035,315,20
2035,1889,69
2035,2687,107
2035,2139,37
2034,2688,58
2034,2689,48
2034,2194,55
2034,518,53
2047,2735,127
2047,2736,142
2047,2737,29
2045,2761,62
2045,2763,90
2045,2453,141
2045,2758,68
2045,2762,2
2045,2757,146
2027,2629,99
2027,2631,74
2027,1409,106
2027,2645,16
2028,2096,104
2028,493,1
2028,482,11
2028,1789,26
2028,1120,25
2028,2683,54
2028,490,42
2028,485,40
2028,293,113
2026,2700,33
2026,2441,143
2026,2442,97
2025,1840,140
2025,2692,41
2025,511,62
2025,2691,28
2025,2690,139
2022,2371,46
2022,1677,66
2024,1675,99
2024,2012,70
2023,2283,8
2023,1548,118
2012,2669,138
2012,324,51
2012,2670,91
2012,2671,17
2020,2682,69
2020,1139,20
2020,2679,45
2020,2308,56
2020,1119,112
2020,1644,93
1998,1215,136
1998,2627,37
1998,2628,116
1998,1911,95
1998,1233,38
2040,469,146
2011,1657,86
2011,710,124
2011,1659,94
2011,2666,118
2009,1132,43
2009,1998,110
2009,1795,48
2008,2675,101
2008,2676,67
2008,2677,64
2008,2431,108
2008,2678,82
1999,2623,69
1999,2624,25
1999,2625,60
2007,2318,97
2007,2068,2
2007,2674,5
2007,2672,59
2007,1584,66
2010,1214,142
2010,1607,50
2010,862,123
2010,1608,73
2010,2640,81
1937,2557,59
1937,2555,117
1937,2556,11
1937,1389,90
1937,2554,8
1995,2636,17
1995,756,91
1995,2637,62
1995,2638,80
1995,2639,27
1944,323,146
1944,1664,65
1944,2113,64
1994,2348,67
1994,2382,45
1917,774,89
1917,1679,111
1993,517,20
1993,1996,6
1975,2584,66
1975,2585,38
1975,2586,16
1991,2621,37
1991,2622,87
1991,584,143
1991,1944,13
1991,1380,18
1991,1066,100
1951,2588,84
1951,1897,35
1951,2590,55
2016,775,138
1988,2606,95
1988,2607,28
1988,2608,140
1988,2609,35
1988,2119,78
1986,2646,59
1986,2641,112
1986,1531,101
1986,2643,47
1986,2092,92
1987,398,60
1987,1416,69
1987,2505,62
1984,882,53
1984,2603,98
1984,2602,103
1985,1024,44
1985,322,32
1985,2604,29
1985,634,80
1985,1677,50
1985,1041,143
1983,2599,11
1983,1630,72
1983,1268,46
1983,2600,51
1983,2601,104
1953,2578,124
1953,1379,33
1953,2260,127
1981,2149,79
1981,2626,108
1981,2381,67
1980,2662,94
1980,2663,17
1980,2664,70
1980,2665,6
1977,2199,2
1977,1231,136
1978,1378,142
1978,366,117
1979,473,77
1979,1573,123
1972,2668,113
1972,1852,75
1972,2117,97
1976,1598,73
1976,567,59
1976,2595,64
1976,2594,48
1976,1750,65
1969,1348,81
1958,1249,136
1958,2141,40
1958,2449,11
1959,2103,35
1959,2591,99
1959,2592,18
1959,2146,100
1959,2593,32
1946,256,143
1946,2168,74
1946,2283,118
1946,326,141
1946,1299,70
1946,2257,33
1982,2635,68
1982,1465,87
1982,1819,37
1941,2547,20
1941,2546,59
1941,2548,54
1973,2652,45
1973,2647,124
1973,2649,27
1973,2650,77
1973,2648,62
1956,641,8
1956,2610,98
1956,338,71
1957,942,28
1957,2582,140
1957,1589,112
1957,1978,41
1957,2362,101
1957,2583,139
1871,2471,105
1871,2472,74
1871,1489,92
1871,2458,47
1871,484,27
1989,2659,100
1989,1982,13
1989,2804,44
1989,2658,79
1989,2311,91
1989,1985,51
1989,2660,52
1948,1715,127
1948,205,53
1949,2097,6
1949,870,72
1947,2205,64
1947,974,5
1939,2532,27
1939,2531,2
1939,2533,116
1943,2561,80
1943,2559,81
1943,2560,105
1943,1470,107
1943,2213,138
1943,1471,48
1962,1184,46
1938,2534,8
1938,1892,104
1938,2535,89
1938,2536,82
1938,2085,54
1945,2581,50
1945,2579,72
1945,2580,60
1996,2657,98
1996,2656,45
1996,1395,107
1996,2655,47
1950,2614,11
1950,999,116
1950,1566,78
1950,607,16
1950,2005,13
1950,2618,123
1950,2617,92
1950,981,105
1950,1565,65
1950,896,90
1950,2619,110
1950,2616,146
1990,2611,34
1990,2612,95
1990,2613,101
1942,2567,157
1942,2569,52
1942,2570,58
1942,2568,11
1942,2571,92
1923,2541,47
1923,404,71
1923,2542,115
1923,287,68
1923,1385,18
1940,2562,108
1940,2563,73
1940,2565,87
1997,2632,103
1997,2634,53
1997,2633,55
1936,2185,32
1936,898,67
1936,2577,17
1936,2576,92
1936,2021,90
1936,1709,38
1935,209,52
1935,236,93
1934,2271,41
1934,2273,44
1933,1644,34
1933,1645,58
1930,818,108
1930,2526,29
1930,280,55
1930,880,84
1930,259,6
1931,2549,16
1931,2550,94
1931,1209,43
1921,2509,127
1921,2510,100
1921,2508,71
1929,2522,103
1929,1456,64
1929,638,112
1929,389,26
1929,1981,53
1961,1302,142
1928,2553,45
1928,2552,69
1928,2551,101
1922,2507,116
1922,1679,94
1922,875,81
1922,2506,2
1922,543,141
1926,2518,58
1926,1291,138
1926,1235,8
1926,1746,48
1926,431,56
1912,2504,67
1912,838,33
1912,2505,113
1920,2545,72
1920,2515,117
1920,2514,28
1920,528,136
1920,858,79
1925,2512,46
1925,2398,62
1925,2513,32
1919,2265,75
1919,2500,18
1919,2204,66
1927,2528,75
1927,2558,73
1927,2527,140
1927,2530,139
1918,346,53
1918,2334,98
1916,761,20
1916,296,138
1970,1671,142
1970,1000,50
1914,783,77
1914,2156,124
1914,1651,6
1914,401,34
1914,2266,93
1914,2587,38
1847,2417,82
1847,849,58
1847,1256,108
1847,1275,74
1847,1265,64
1847,2247,52
1909,2519,72
1909,863,105
1909,2520,86
1952,1237,117
1913,1757,48
1913,2304,101
1913,1760,17
1913,2111,123
1913,507,27
1913,330,115
1911,2502,9
1911,2003,78
1911,2503,6
1910,2538,146
1910,2540,107
1910,2537,106
1910,2101,8
1910,2539,65
1883,2467,68
1883,556,13
1883,355,92
1908,2498,29
1908,2497,93
1908,310,80
1908,1942,70
1908,848,44
1908,1366,118
1652,2259,140
1652,2261,75
1652,2260,87
1907,941,95
1907,73,69
1907,2176,16
1907,2020,60
1907,1124,5
1907,2499,99
1882,343,11
1882,1381,110
1882,1990,90
1881,2476,124
1881,2473,37
1881,2474,41
1881,192,86
1881,2475,80
1878,2044,113
1878,2155,5
1879,2208,8
1879,2211,89
1880,2223,142
1880,2221,100
1876,2488,117
1876,2489,28
1876,2490,35
1875,2468,91
1875,853,107
1875,571,56
1875,2460,64
1875,1080,125
1875,2469,34
1902,1226,87
1874,932,29
1874,817,46
1874,2491,77
1874,489,27
1874,477,52
1874,215,60
1873,2480,79
1873,234,25
1873,232,11
1828,654,48
1828,1662,38
1828,2428,65
1872,2284,33
1872,1881,70
1872,1042,78
1872,318,74
1872,2501,99
1872,1513,118
1706,2343,67
1706,2341,34
1706,2351,112
1706,2344,66
1706,2196,73
1870,2463,76
1870,2465,143
1870,2464,123
1869,400,93
1869,1328,95
1869,2215,59
1869,2462,45
1869,2461,65
1869,1175,54
1866,2456,17
1866,2156,62
1866,2457,101
1899,2492,125
1899,2493,1
1899,2494,26
1899,2495,79
1868,1283,103
1868,2477,80
1868,337,127
1868,2479,97
1868,2478,61
1868,1903,41
1837,1071,110
1837,1386,139
1836,1734,81
1836,777,87
1835,2263,84
1835,1995,55
1858,1637,74
1858,170,56
1858,1783,98
1857,1614,68
1857,356,27
1857,811,113
1857,806,100
1857,1046,73
1848,2423,123
1848,2421,32
1848,2422,60
1906,1244,53
1906,2445,51
1906,2282,11
1906,1896,3
1906,2143,136
1960,1224,2
1855,2436,35
1855,2437,98
1855,688,41
1855,367,90
1855,1850,117
1856,2275,62
1856,742,33
1856,2273,94
1846,260,13
1846,2203,127
1846,2482,118
1854,2446,18
1854,2441,47
1854,2442,99
1854,268,16
1854,593,29
1854,364,66
1839,759,37
1839,2444,106
1839,634,81
1853,2447,77
1853,2450,26
1853,406,42
1853,2451,17
1853,2449,25
1853,2452,110
1852,2466,2
1852,2438,140
1852,2439,95
1838,2455,143
1838,861,92
1838,709,50
1838,1236,69
1838,2453,115
1838,1415,112
1851,1654,116
1851,1655,33
1850,2189,140
1850,2195,54
1849,2201,106
1849,158,78
1833,1766,6
1833,2420,70
1833,2068,97
1833,2419,44
1833,2151,94
1688,2314,59
1688,2312,16
1688,2313,112
1862,1707,28
1862,602,67
1862,2431,45
1865,1207,143
1832,2483,38
1832,2486,141
1832,2596,62
1832,2597,46
1832,2484,90
1832,2598,32
1819,206,50
1819,1919,99
1819,2400,115
1819,1611,29
1811,1516,55
1811,2433,111
1811,1087,138
1811,973,20
1811,1685,75
1827,293,34
1827,2430,125
1827,2228,107
1831,421,104
1831,1994,142
1831,2315,105
1831,2429,112
1831,371,43
1831,1618,124
1748,2185,46
1748,292,32
1748,286,40
1748,2244,89
1748,900,62
1748,2426,48
1707,2331,61
1707,2332,80
1707,2015,116
1826,1168,100
1826,2424,38
1826,481,17
1826,2235,54
1826,2434,18
1826,2347,5
1826,1229,27
1826,1829,92
1826,2135,2
1826,297,50
1826,2335,64
1826,2435,52
1681,2339,77
1681,2338,140
1681,2340,65
1803,1227,53
1803,1686,79
1804,1330,95
1804,2229,71
1805,1683,125
1805,2131,108
1821,1215,94
1821,726,47
1821,728,90
1821,1234,127
1821,1680,41
1801,2405,72
1801,2406,1
1801,523,79
1820,699,37
1820,1782,48
1820,149,98
1820,396,2
1820,329,33
1820,289,63
1696,2326,118
1696,928,81
1696,2007,66
1861,74,141
1747,1724,123
1747,2330,101
1747,109,73
1830,1537,35
1830,430,69
1830,2432,113
1830,2138,93
1830,576,9
1830,2425,72
1817,1181,41
1817,2416,97
1817,2415,58
1817,1166,82
1818,1461,37
1818,836,104
1818,1720,86
1818,863,87
1818,2418,124
1818,763,103
1814,1805,142
1814,394,46
1814,764,143
1814,2386,76
1808,845,136
1808,807,28
1808,2403,77
1808,2401,26
1808,1917,1
1808,2402,11
1806,2413,113
1806,2412,98
1806,2411,42
1806,2427,63
1806,2414,52
1807,1862,91
1807,2404,56
1807,1137,107
1825,996,100
1825,1187,68
1824,1978,45
1824,1987,123
1823,1141,8
1823,549,69
1822,1065,34
1822,2115,51
1822,2221,17
1724,770,34
1724,2364,138
1724,2365,105
1724,1413,87
1724,1607,141
1860,469,68
1799,1518,95
1799,797,59
1799,2088,27
1799,2055,13
1799,257,113
1799,1791,18
1629,1119,78
1629,1111,64
1629,1897,108
1750,2407,70
1750,2408,44
1750,2409,141
1750,2410,80
1721,881,107
1721,882,51
1721,2372,84
1749,2399,106
1749,2398,8
1749,2397,112
1792,2108,74
1792,2208,62
1792,867,89
1792,869,65
1792,1898,56
1809,1787,63
1809,2389,79
1809,883,90
1809,524,117
1809,2388,136
1809,2390,38
1698,2327,143
1698,2328,32
1698,497,101
1746,2393,28
1746,2394,82
1746,1199,6
1746,1203,108
1746,1201,78
1736,729,94
1736,1681,33
1736,2103,116
1736,431,99
1727,99,20
1727,1625,82
1728,1509,93
1728,1129,59
1726,2009,28
1726,2148,90
1739,848,44
1739,1678,70
1739,267,97
1800,653,92
1800,1163,62
1800,628,74
1800,1177,33
1800,920,81
1777,775,65
1718,935,111
1718,2367,37
1718,2067,6
1718,2087,55
1697,1107,93
1697,1235,58
1697,1666,92
1697,1667,116
1697,1421,75
1697,2396,68
1798,1914,9
1798,1913,61
1798,2395,87
1668,1891,8
1668,2301,64
1668,2302,95
1668,1206,67
1668,2054,52
1725,2369,41
1725,986,29
1725,366,75
1740,740,17
1740,1821,42
1740,2195,54
1740,612,60
1740,1185,3
1740,613,110
1797,2382,77
1797,1313,139
1797,2381,66
1797,1269,45
1796,1474,43
1796,1498,127
1796,2391,94
1796,1218,97
1796,1697,140
1730,2380,35
1730,2084,58
1730,1469,105
1731,363,71
1731,2384,16
1731,1124,18
1731,1131,73
1731,2385,5
1731,1634,115
1743,1101,118
1743,508,80
1744,2154,72
1744,864,86
1745,2109,17
1745,1338,67
1667,517,117
1667,2300,3
1667,2299,38
1738,1854,47
1738,2268,106
1738,1372,50
1738,2305,92
1738,1355,27
1776,1348,56
1722,2118,80
1722,2370,113
1722,160,18
1722,402,16
1722,1441,73
1661,2303,103
1661,974,115
1661,2138,100
1729,1827,41
1729,2202,29
1729,1978,46
1729,2335,123
1729,2363,76
1729,2361,101
1729,2362,27
1729,2234,47
1741,285,70
1741,630,2
1741,2086,74
1720,1384,139
1720,1646,26
1720,2366,25
1720,611,60
1719,2171,9
1719,237,75
1719,2131,66
1719,1983,127
1719,1636,13
1791,2374,45
1791,482,98
1791,2076,78
1791,490,52
1793,2377,112
1793,783,44
1793,1719,140
1793,2375,3
1793,2227,38
1732,2356,139
1732,520,84
1732,1267,125
1732,2368,1
1732,518,56
1732,885,53
1732,2357,54
1694,2310,8
1694,2309,40
1694,2308,91
1705,687,58
1705,1850,82
1704,574,43
1704,2141,117
1702,485,89
1702,482,48
1708,2348,92
1708,2349,16
1708,2350,5
1693,1973,62
1693,2316,32
1693,1549,123
1693,1502,17
1693,1505,48
1693,1790,52
1717,1974,104
1717,1679,44
1717,2371,116
1717,1677,33
1717,847,93
1687,2324,84
1687,2323,136
1687,2325,124
1775,1184,78
1709,2355,2
1709,2346,81
1709,1309,113
1709,2373,74
1709,2245,95
1709,2347,87
1691,2329,18
1691,2330,80
1691,1495,27
1703,2334,64
1703,2333,1
1703,2336,108
1689,2321,78
1689,2322,9
1689,1398,34
1689,1080,62
1689,2009,45
1710,2353,47
1710,2352,68
1710,967,141
1710,2039,97
1692,1638,117
1692,1618,77
1692,1812,37
1692,2315,41
1692,1943,105
1692,2233,38
1733,1401,69
1733,2196,5
1733,2360,18
1733,2359,100
1733,2085,73
1669,2296,94
1669,2298,50
1669,2297,99
1712,615,13
1712,459,71
1713,1794,45
1713,1800,60
1714,1161,78
1714,339,98
1648,1401,139
1648,2142,26
1648,390,25
1648,1990,3
1648,1617,79
1648,1918,110
1774,1302,70
1660,2096,28
1660,2281,35
1660,2280,46
1660,2279,72
1660,2282,136
1690,2318,86
1690,1053,127
1690,2319,33
1690,556,29
1690,2068,90
1690,913,115
1686,2335,113
1686,2201,73
1686,1036,18
1686,1978,27
1659,2284,44
1659,2283,106
1659,1548,50
1659,1668,92
1659,2168,107
1659,2277,17
1653,647,53
1653,522,51
1653,2274,108
1653,1814,11
1653,1815,79
1680,2294,138
1680,2295,112
1680,2200,2
1666,951,2
1666,2304,140
1666,2306,65
1666,2305,66
1666,511,113
1666,1669,90
1657,2263,53
1657,2262,6
1657,1417,88
1683,2105,71
1683,2106,100
1684,1889,106
1684,606,75
1685,1514,76
1685,599,101
1673,855,82
1673,2311,98
1673,1086,6
1673,840,84
1673,1755,45
1673,1367,28
1665,1828,67
1665,2060,52
1665,2337,124
1665,1573,46
1665,1829,101
1678,1237,11
1656,133,107
1656,2270,99
1656,579,112
1656,102,8
1656,2278,17
1656,2269,28
1654,2267,73
1654,2266,5
1654,777,27
1655,2276,63
1655,1491,70
1655,2272,116
1655,743,81
1655,2271,37
1655,2273,75
1664,2287,60
1664,2288,42
1664,1159,32
1664,1173,139
1634,2241,69
1634,2240,97
1634,2239,81
1663,1104,101
1663,2292,34
1663,2293,51
1663,2291,123
1663,2290,46
1598,860,125
1598,2228,55
1598,1397,48
1649,2005,91
1649,2006,89
1650,1956,59
1650,1294,66
1651,2075,67
1651,2085,60
1636,1661,54
1636,1664,58
1636,2246,32
1636,2247,79
1636,1662,11
1647,133,41
1647,2265,141
1647,150,93
1647,2264,74
1647,1632,97
1647,1031,18
1647,211,95
1647,1722,87
1674,1226,125
1646,578,94
1646,2253,62
1646,848,48
1646,2251,107
1646,1841,56
1646,2252,52
1645,2242,35
1645,2243,103
1645,416,136
1624,466,66
1624,630,70
1624,290,44
1624,862,41
1624,1913,93
1624,291,124
1658,1371,16
1658,2268,118
1658,1355,141
1633,2245,68
1633,2244,77
1633,1589,47
1633,2178,13
1633,1160,54
1575,2170,75
1575,2168,92
1575,2167,80
1575,1921,140
1575,2169,38
1632,1420,29
1632,838,33
1632,356,113
1626,1920,94
1626,1922,50
1625,1867,20
1625,1868,8
1627,664,110
1627,836,43
1635,1537,86
1635,1388,9
1635,2237,33
1635,2238,44
1635,1966,78
1635,1674,105
1623,1982,99
1623,2232,100
1623,1637,117
1623,2164,104
1623,1087,6
1672,1224,139
1622,941,95
1622,2235,5
1622,2234,47
1622,2236,13
1622,917,27
1622,2019,60
1631,1620,138
1631,1299,2
1631,541,106
1631,693,87
1631,267,141
1605,602,80
1605,671,68
1605,978,127
1600,2229,76
1600,1260,46
1600,1251,52
1599,941,92
1599,2225,27
1599,2105,18
1599,2224,77
1599,2226,38
1599,2227,139
1620,2230,43
1620,528,11
1620,2231,90
1543,2159,34
1543,2160,73
1543,2161,116
1543,2162,125
1543,2163,71
1597,1965,61
1597,1967,80
1604,1768,5
1604,1769,18
1603,1881,106
1603,1880,118
1596,2217,17
1596,2218,62
1596,669,56
1596,2219,101
1596,1677,107
1596,1749,28
1671,1207,116
1595,2118,35
1595,1902,68
1595,2199,37
1595,205,84
1595,986,64
1595,1231,136
1594,1473,61
1594,1765,58
1594,2214,105
1594,1469,98
1594,2212,78
1594,2213,74
1592,1622,29
1592,1543,118
1592,1328,16
1592,2215,73
1592,797,123
1592,1542,45
1403,884,62
1403,523,42
1403,1996,65
1591,431,115
1591,2203,47
1591,2205,140
1590,2108,74
1590,2208,56
1590,2209,52
1590,879,84
1590,2211,107
1590,2210,46
1570,342,63
1570,2174,72
1570,2173,9
1589,2255,62
1589,2257,45
1589,814,67
1589,2256,101
1589,2258,65
1589,1547,17
1572,1979,28
1572,1980,90
1573,1944,46
1573,1098,6
1546,473,113
1546,1576,2
1588,942,112
1588,2202,123
1588,1978,45
1588,1126,76
1588,1956,60
1587,2191,136
1587,424,103
1587,1846,37
1587,2192,124
1587,2193,98
1587,2194,51
1644,74,108
1586,2096,89
1586,2200,32
1586,158,48
1586,2201,101
1586,1558,67
1586,1130,17
1564,2148,64
1564,2150,28
1564,2149,104
1585,2014,141
1585,1499,50
1585,668,87
1585,2207,97
1585,964,92
1569,2182,8
1569,1384,58
1569,1249,108
1569,2181,138
1569,406,98
1569,613,91
1569,1896,45
1584,849,105
1584,1679,44
1584,1678,81
1628,2220,38
1628,2223,90
1628,2221,79
1628,2131,1
1628,2222,72
1574,1818,13
1574,2175,75
1574,2176,16
1565,667,127
1565,1699,86
1545,1828,107
1545,1829,52
1547,448,70
1547,447,99
1560,332,94
1560,1513,33
1560,2025,50
1560,2140,93
1560,1041,81
1560,1515,80
1582,1184,140
1559,2144,64
1559,2147,20
1559,428,55
1559,423,125
1559,2146,105
1559,1235,123
1558,2048,86
1558,2183,41
1558,2152,124
1558,2151,116
1558,2177,27
1558,915,17
1556,2141,79
1556,2142,3
1556,2143,11
1557,1349,47
1557,2044,13
1557,2155,95
1557,1129,16
1557,1206,59
1557,209,112
1568,2171,77
1568,2166,139
1568,2165,136
1568,1985,110
1568,401,38
1555,2158,5
1555,261,93
1555,2156,73
1581,2198,95
1581,2197,27
1581,1153,67
1581,1310,59
1581,2196,101
1567,2180,66
1567,2179,113
1567,2178,92
1541,548,69
1541,294,34
1478,1266,44
1478,1862,75
1540,1342,118
1540,1341,18
1539,1140,82
1539,1208,56
1539,207,11
1538,2185,60
1538,1742,3
1538,2186,26
1538,2187,42
1538,2189,17
1538,2195,139
1613,775,90
1537,1656,87
1537,2153,80
1537,673,116
1537,2154,78
1537,709,35
1537,864,97
1535,2135,74
1535,1229,45
1535,1386,17
1536,421,77
1536,688,124
1536,1379,106
1536,1618,29
1536,1378,37
1536,366,72
1534,2126,111
1534,2125,98
1534,1860,34
1533,1537,101
1533,601,89
1533,547,40
1533,432,8
1533,606,46
1533,2138,48
1533,2139,76
1533,1000,54
1447,1675,67
1447,2010,62
1447,2012,90
1447,607,52
1519,1407,32
1519,2089,66
1519,1402,123
1542,260,50
1542,316,97
1527,1179,27
1527,1127,61
1526,875,94
1526,1255,81
1531,2130,90
1531,2123,43
1531,2124,115
1531,2122,28
1566,1604,100
1566,1017,127
1566,1362,13
1566,1360,71
1616,469,75
1450,373,79
1450,1350,1
1450,1546,42
1450,1978,51
1450,1987,25
1450,261,32
1525,918,104
1525,2105,91
1525,887,111
1525,1742,64
1525,778,92
1525,2106,33
1523,530,66
1523,319,113
1523,1416,41
1523,2157,18
1523,1143,118
1523,1421,2
1530,1671,86
1530,654,77
1530,2113,117
1522,1410,103
1522,2132,105
1522,1984,6
1522,2133,138
1522,1161,82
1522,339,136
1529,2112,42
1529,1132,67
1529,2131,62
1513,2033,68
1513,2037,81
1513,2036,92
1513,2038,63
1513,2042,125
1513,2043,84
1513,2039,76
1532,1652,38
1532,2116,87
1532,2115,41
1511,1658,106
1511,1657,87
1470,1651,68
1470,1783,107
1512,571,28
1512,279,17
1451,1261,47
1451,1389,16
1451,2075,5
1451,2085,73
1451,1186,18
1451,391,54
1508,2108,55
1508,2109,98
1508,2110,111
1508,1338,58
1508,1140,138
1508,869,56
1562,1302,124
1524,2091,99
1524,2093,112
1524,1531,101
1524,1788,59
1524,2094,27
1507,2118,2
1507,2120,70
1507,1792,44
1507,185,93
1507,1038,75
1507,2119,127
1507,1040,80
1507,1919,9
1518,1811,136
1518,2067,38
1518,2087,48
1517,2066,11
1517,69,3
1517,153,79
1506,2096,76
1506,2076,46
1506,1092,66
1506,482,52
1506,490,67
1514,2055,59
1514,2054,118
1514,1893,95
1505,1107,58
1505,728,110
1505,2103,117
1505,2101,54
1505,2102,20
1505,2104,47
1503,1043,93
1503,1366,70
1502,604,13
1502,276,113
1510,1785,60
1510,1734,101
1500,1473,99
1500,2084,116
1500,1992,124
1500,642,125
1500,1085,107
1500,1418,108
1499,2099,104
1499,2100,34
1499,418,45
1499,1205,40
1499,1867,8
1499,1510,56
1550,1237,62
1498,362,105
1498,758,136
1498,1210,63
1498,2063,6
1498,2061,117
1498,2062,86
1497,933,89
1497,301,123
1497,297,48
1497,1863,46
1497,2060,64
1497,1707,45
1466,781,17
1466,1517,101
1489,621,79
1489,2019,26
1489,2020,3
1489,2022,53
1489,2021,61
1489,888,35
1468,493,62
1468,1120,42
1468,484,60
1487,2050,97
1487,585,2
1487,309,80
1487,2052,77
1487,425,86
1487,2053,11
1488,892,84
1488,1323,55
1488,1923,56
1504,1898,100
1504,1900,90
1379,264,37
1379,724,82
1486,838,115
1486,387,41
1477,2057,75
1477,542,27
1477,1888,69
1477,2058,35
1477,2059,98
1477,1091,112
1479,2048,80
1479,2046,116
1479,388,81
1479,60,68
1479,2047,74
1479,944,50
1428,1348,127
1476,1827,29
1476,1600,71
1476,2007,100
1476,917,5
1476,1712,41
1476,2008,44
1491,653,111
1491,1514,8
1491,599,108
1491,1669,62
1491,669,82
1491,1573,98
1461,1850,86
1461,1993,72
1461,1994,78
1515,2078,90
1515,2077,100
1515,2079,127
1515,2080,28
1515,2082,77
1515,2083,38
1454,1340,76
1454,1713,101
1454,1992,52
1465,1275,46
1465,2003,125
1465,774,103
1475,1822,45
1475,1439,20
1475,1124,69
1475,2017,92
1475,1442,5
1475,1187,59
1475,566,73
1475,2016,47
1475,1175,66
1475,73,27
1475,2018,17
1475,1145,32
1475,996,54
1473,1871,79
1473,1872,104
1415,1665,87
1415,1662,78
1474,1677,59
1474,1816,73
1492,767,18
1492,2044,97
1492,1152,44
1492,1805,94
1492,447,115
1376,421,112
1376,1943,41
1376,366,29
1376,1321,127
1376,934,100
1376,162,136
1495,1224,80
1448,2024,62
1448,2111,2
1448,2041,59
1448,2025,118
1448,2026,50
1448,510,65
1471,398,89
1471,2013,51
1471,2086,91
1419,857,33
1419,829,92
1419,352,73
1419,350,66
1419,1033,94
1419,830,13
1467,2002,11
1467,1625,1
1467,1621,112
1446,855,44
1446,1982,18
1446,1983,127
1446,1984,37
1446,1985,113
1446,1986,68
1462,2014,47
1462,1697,95
1462,1698,124
1462,650,87
1462,1218,90
1462,665,43
1462,1477,33
1219,1549,106
1219,1129,77
1219,1131,100
1445,1818,72
1445,1649,117
1485,1841,75
1485,1840,35
1453,1706,61
1453,298,78
1483,1486,8
1483,1377,93
1483,2032,33
1483,2030,32
1483,2031,25
1483,1829,60
1399,626,20
1399,1266,28
1399,1793,111
1399,1081,58
1399,1807,104
1399,1964,82
1516,1226,123
1449,1024,116
1449,314,55
1449,1781,113
1449,2004,79
1449,2005,38
1449,2006,80
1482,2097,124
1482,2009,106
1482,236,70
1356,1246,93
1356,1547,91
1356,1413,37
1356,1841,98
1356,401,97
1359,845,16
1359,816,5
1359,1055,61
1359,807,56
1359,1917,45
1359,1918,67
1394,1265,108
1394,1662,58
1394,1137,8
1392,1973,115
1392,1956,106
1392,443,63
1392,1957,66
1392,1294,113
1392,1958,17
1298,1715,53
1298,1561,79
1298,1995,60
1425,139,52
1425,869,101
1424,1758,47
1424,1760,69
1423,1724,20
1423,1723,54
1420,618,50
1420,702,81
1420,1654,118
1420,1880,99
1420,1513,95
1420,1041,93
1494,1207,48
1469,1349,64
1469,1165,27
1469,1999,5
1469,1133,69
1469,1998,47
1469,1011,60
1443,563,105
1443,883,109
1443,524,40
1443,1810,3
1443,1813,117
1443,1812,38
1246,1071,90
1246,1330,52
1246,1709,67
1484,1879,34
1484,1262,58
1484,1609,111
1484,1616,55
1484,1878,116
1395,1974,9
1395,1001,6
1395,607,72
1395,1965,35
1395,1966,107
1395,1967,8
1310,296,43
1310,1707,99
1310,481,2
1464,485,82
1464,294,84
1464,1991,45
1418,1961,113
1418,1960,64
1418,1976,32
1418,1989,65
1418,1988,101
1416,1336,17
1416,1337,67
1378,1771,75
1378,1773,63
1380,839,53
1380,986,136
1393,1230,46
1393,1070,48
1393,1955,112
1393,927,62
1393,978,42
1393,1829,52
1493,74,118
1413,1971,103
1413,1972,98
1413,1970,136
1413,1795,86
1413,1122,108
1413,1969,64
1344,1886,46
1344,1887,76
1344,542,34
1344,606,32
1344,1889,48
1344,1888,101
1355,205,91
1355,1227,104
1355,1686,20
1411,1640,81
1411,1093,92
1411,1141,47
1411,1094,94
1411,1672,66
1411,1140,45
1220,1734,27
1220,1719,17
1220,1153,56
1382,1244,115
1382,1979,13
1382,613,117
1382,1403,90
1382,1981,38
1382,611,127
1382,1980,71
1382,1186,28
1458,2001,87
1458,1683,41
1458,1708,6
1381,1953,50
1381,1946,68
1381,1947,40
1381,824,110
1381,1948,84
1381,1949,16
1444,1516,38
1444,1985,52
1417,1358,11
1417,1359,43
1459,1932,109
1459,1931,42
1377,1527,13
1377,1944,27
1377,1098,93
1377,1096,118
1377,584,68
1377,1040,87
1401,1482,62
1401,1036,46
1401,1153,16
1401,1796,18
1401,1313,60
1401,1160,79
1457,775,1
1412,1024,105
1412,1048,70
1412,317,116
1412,1316,74
1412,311,80
1412,1608,97
1297,699,69
1297,1942,81
1297,588,44
1297,313,94
1297,995,41
1297,851,50
1297,1256,55
1297,1781,64
1360,1937,91
1360,1938,34
1360,1939,8
1360,1940,107
1360,1941,78
1277,234,37
1277,1065,38
1277,574,32
1279,687,77
1279,1378,86
1279,1056,9
1410,1990,17
1410,1185,40
1410,1896,51
1300,1851,95
1300,1509,101
1300,1044,45
1299,761,107
1299,427,66
1299,482,34
1311,346,61
1311,1111,1
1311,1166,35
1354,99,56
1354,879,82
1354,870,79
1353,1130,84
1353,1904,34
1353,1905,65
1291,1839,33
1291,1835,112
1291,1834,97
1291,1836,116
1291,1837,66
1291,1159,100
1375,524,84
1375,835,79
1374,1642,67
1374,1644,74
1373,493,51
1373,1120,56
1343,1315,76
1343,1543,127
1343,1509,29
1343,780,18
1343,1310,38
1343,1742,32
1398,626,6
1398,535,136
1398,1708,117
1398,1227,11
1398,1320,54
1398,1095,72
1358,1089,91
1358,548,51
1358,336,104
1358,294,111
1358,1778,84
1358,1923,20
1357,1188,92
1357,1916,59
1357,901,106
1357,1761,47
1357,1155,101
1357,1777,60
1346,1261,71
1346,1898,100
1346,1723,90
1346,1614,28
1346,1899,76
1346,1900,65
1480,469,59
1364,1920,70
1364,1922,94
1364,379,50
1364,1919,27
1364,1921,68
1351,1176,28
1351,602,38
1349,1205,55
1349,1208,105
1350,1761,118
1350,1763,41
1345,332,59
1345,1881,73
1345,450,47
1345,634,33
1345,1366,67
1345,1880,101
1347,941,82
1347,1121,64
1347,590,17
1347,1600,58
1347,1489,89
1347,1589,107
1321,1620,44
1321,310,112
1321,1290,97
1321,587,98
1321,1861,80
1397,529,32
1397,448,87
1397,507,92
1397,330,116
1397,1548,2
1397,447,50
1365,1473,80
1365,1927,74
1365,1926,44
1365,1925,65
1342,1518,78
1342,1883,73
1342,1895,95
1342,1884,81
1342,1440,59
1427,1184,8
1341,1711,13
1341,1712,117
1329,1623,43
1329,663,28
1339,1462,72
1339,468,6
1324,1661,41
1324,1418,127
1324,1266,99
1324,1565,86
1324,654,87
1324,1862,44
1338,1424,77
1338,1897,109
1338,234,25
1338,1896,79
1338,882,11
1338,1185,54
1396,1656,94
1396,1657,48
1396,664,90
1396,1118,75
1396,569,98
1396,673,105
1330,653,118
1330,1870,106
1330,508,70
1330,1514,74
1330,600,60
1330,1706,65
1330,1816,62
1330,1575,67
1330,1863,66
1330,555,77
1330,1174,81
1330,1691,27
1331,1879,59
1331,1610,47
1331,1869,16
1331,1877,18
1331,1878,93
1426,1302,107
1332,1702,64
1332,1892,45
1332,1893,1
1332,1335,17
1332,1331,42
1332,1894,52
1328,409,113
1328,676,68
1327,1678,6
1327,1679,20
1340,1714,69
1340,1713,115
1337,1254,63
1337,1578,97
1337,1583,116
1337,1585,70
1337,1414,103
1302,1767,104
1302,377,117
1302,1380,86
1302,367,79
1302,371,109
1302,1850,11
1302,687,28
1302,415,35
1288,1264,69
1288,1270,93
1288,1271,5
1288,1206,18
1288,1833,16
1288,1125,95
1290,276,92
1290,1001,44
1290,604,94
1290,603,47
1290,1412,58
1290,1566,50
1308,500,34
1308,424,55
1308,1847,82
1308,1846,108
1308,912,84
1336,1237,16
1325,1854,69
1325,1856,59
1325,1859,73
1325,1857,95
1325,1858,48
1325,1855,101
1303,1250,100
1303,1456,54
1304,1524,13
1304,1525,38
1305,350,76
1305,828,67
1320,1582,9
1320,1852,105
1320,329,94
1320,584,99
1320,913,41
1320,399,2
1289,698,61
1289,1842,74
1289,1843,50
1289,1841,103
1289,1690,33
1289,1840,116
1326,972,37
1326,1871,90
1326,1162,75
1326,337,29
1326,1872,100
1326,840,79
1312,731,93
1312,1450,47
1312,1455,77
1312,544,62
1312,1033,32
1312,915,46
1301,1865,78
1301,1849,87
1301,1394,45
1301,1848,80
1301,550,107
1301,802,89
1307,1891,8
1307,1860,91
1307,1867,3
1307,1868,98
1307,1866,56
1335,1226,52
1292,1438,54
1292,1442,90
1294,252,113
1294,163,73
1293,751,111
1293,339,53
1287,1767,118
1287,1820,29
1287,1211,48
1287,863,98
1287,1419,34
1287,289,91
1286,1822,75
1286,1649,115
1286,1818,70
1286,1761,2
1286,1722,106
1286,1819,87
1285,1827,46
1285,1828,66
1285,1829,45
1285,1575,32
1285,1070,101
1285,1830,67
1281,805,107
1281,1844,62
1281,1845,64
1281,1824,8
1281,1825,52
1258,1744,41
1258,1677,105
1258,1515,78
1258,1594,97
1258,1816,99
1258,1163,74
1276,1461,35
1276,1808,109
1276,1806,72
1276,1267,6
1276,1807,63
1276,843,86
1334,1224,60
1274,1202,89
1274,1201,84
1273,1602,82
1273,1601,56
1272,1274,50
1272,1275,75
1271,972,61
1271,1798,106
1271,378,87
1271,138,8
1271,756,107
1271,1799,55
1268,1518,69
1268,1790,100
1268,1791,13
1268,1634,92
1268,1780,112
1268,1504,90
1264,626,37
1264,1792,70
1264,1809,2
1264,1793,93
1264,1463,44
1264,1666,80
1257,1424,71
1257,1801,29
1257,1802,41
1257,816,20
1257,1425,17
1257,807,55
1267,1486,28
1267,1789,51
1267,493,110
1267,484,40
1267,1120,1
1267,1788,32
1333,1207,115
1256,941,33
1256,916,118
1256,1457,68
1256,1046,16
1256,417,38
1256,1635,17
1256,1650,67
1256,1637,52
1256,1636,45
1256,1586,101
1256,1794,65
1256,1440,27
1256,1800,54
1255,1610,73
1255,1272,81
1254,1389,64
1254,1298,108
1253,61,95
1253,102,62
1192,855,84
1192,1686,56
1192,839,11
1192,1685,6
1192,986,111
1192,205,98
1252,437,46
1252,1796,60
1252,1368,26
1252,1795,42
1252,1127,48
1252,1036,77
1252,1734,28
1252,1785,79
1162,951,27
1162,1668,113
1162,450,99
1162,1274,18
1162,920,95
1162,1669,97
1251,922,82
1251,1206,59
1251,1558,66
1251,1160,20
1251,637,91
1245,1349,73
1245,1761,99
1245,1763,106
1245,1422,62
1245,1012,101
1284,74,43
1221,1370,47
1221,1770,75
1221,1771,41
1221,1772,97
1221,1773,11
1221,1774,105
1228,1597,5
1228,1598,16
1230,553,78
1230,746,35
1227,1496,77
1227,1498,28
1226,1787,86
1226,1786,53
1226,524,109
1226,763,3
1226,835,79
1225,1676,74
1225,1782,48
1225,1041,107
1225,1366,78
1225,1781,103
1225,1665,97
1270,1649,95
1270,1817,46
1270,1805,98
1270,297,32
1270,1547,62
1194,133,29
1194,1714,81
1194,1713,106
1194,580,75
1194,402,41
1194,1307,110
1199,1717,115
1199,1718,80
1199,1525,38
1199,1719,28
1199,1503,100
1199,168,90
1283,469,113
1250,740,46
1250,1783,54
1250,1637,25
1250,1651,42
1250,1784,17
1218,448,2
1218,1100,92
1216,528,11
1216,858,79
1217,1095,74
1217,1105,61
1215,653,32
1215,1706,8
1215,296,66
1215,298,34
1215,510,52
1222,1776,69
1222,1777,18
1222,853,115
1222,1371,45
1222,1599,67
1222,1778,65
1222,970,60
1214,1754,28
1214,1388,87
1214,1755,58
1214,840,53
1214,1231,109
1214,1533,90
1223,776,13
1223,1768,59
1223,1769,27
1223,237,5
1223,1031,68
1223,206,113
1211,1797,50
1211,1736,99
1211,1752,37
1211,1737,93
1211,1738,86
1193,1702,58
1193,1705,66
1193,1704,5
1193,1711,60
1193,1712,42
1193,1386,52
1282,775,106
1185,955,37
1185,954,50
1187,1097,33
1187,1098,105
1186,898,73
1186,595,101
1212,623,69
1212,1747,54
1212,615,26
1212,1187,71
1212,459,29
1212,1748,112
901,1283,64
901,1715,108
901,641,82
901,745,55
901,329,107
901,842,84
1189,1696,2
1189,1697,113
1189,667,87
1189,1698,100
1189,1699,44
1189,1700,80
1195,1729,48
1195,1731,89
1195,1730,34
1195,1732,91
1195,859,46
1197,1261,13
1197,1724,115
1197,1722,16
1197,1742,94
1197,1723,60
1280,1348,41
1231,1757,33
1231,1758,68
1231,1759,44
1231,801,8
1231,1491,35
1231,1760,81
1183,355,35
1183,747,55
1184,598,59
1184,1330,16
1174,1108,62
1174,1387,89
1188,788,86
1188,1720,35
1188,834,109
1188,1721,20
1188,468,61
1188,1210,104
1191,437,69
1191,73,95
1191,1457,18
1191,917,27
1191,566,101
1191,1709,67
1191,544,17
1191,1310,73
849,332,60
849,725,41
849,276,43
849,432,45
849,1000,16
849,323,33
1182,1106,9
1182,1687,70
1182,1688,103
1182,1689,61
1182,913,81
1182,441,93
1153,1676,44
1153,1678,94
1153,1679,98
1153,1677,75
1153,848,6
1145,845,98
1145,1287,20
1145,1626,111
1145,1628,56
1145,1627,1
1145,1625,79
1204,1184,112
1180,886,76
1180,887,65
1171,261,106
1171,273,66
1157,381,77
1157,974,63
1164,439,72
1164,1708,80
1164,1683,87
1164,1602,64
1164,1320,79
1164,401,11
1210,1089,91
1210,1398,20
1210,1739,58
1210,878,44
890,1060,103
890,339,108
890,751,89
890,205,48
890,237,18
890,158,75
1181,1246,32
1181,1691,52
1181,1690,112
1181,1174,68
1181,1707,92
1181,814,41
1161,1512,71
1161,1674,46
1161,302,60
1161,1103,65
1161,1091,45
1161,975,17
1161,606,28
1161,1673,62
1159,740,101
1159,1637,34
1159,1650,52
1159,1635,40
1159,1646,42
1159,1636,67
1203,1302,5
1156,1420,58
1156,1419,78
1158,1041,74
1158,634,2
1166,1181,64
1166,1166,109
1155,373,47
1155,1270,112
1155,828,16
1155,1132,100
1155,1312,73
1155,1456,90
1154,1656,81
1154,1657,29
1154,1658,105
1154,551,43
1154,864,92
1154,1659,61
1160,1661,84
1160,1662,6
1160,1671,55
1160,1137,28
1160,1664,80
1160,1665,87
1152,374,33
1152,1672,8
1152,1140,91
1152,139,82
1152,869,48
1152,346,17
1202,1648,110
1150,1107,86
1150,1667,50
1150,724,107
1150,1681,37
1150,1680,97
1150,1647,110
1146,1261,69
1146,1381,42
1146,1251,3
1146,1382,25
1146,1383,26
1146,390,54
1141,710,13
1141,348,75
1143,1306,32
1143,1051,94
1142,1293,79
1142,1352,60
1140,578,103
1140,311,35
1140,1654,78
1140,1082,74
1140,1057,44
1140,1655,97
1139,1632,70
1139,1633,41
1139,171,27
1139,1634,5
1139,239,68
1138,942,59
1138,1126,95
1138,211,67
1138,1377,73
1138,765,45
1138,927,76
1138,978,54
1137,325,33
1137,1624,47
1137,1623,90
1137,323,38
1137,730,101
1137,663,65
1136,1435,53
1136,1631,72
1136,1630,6
1136,1629,63
1136,519,11
1136,1436,109
1135,1640,99
1135,1641,18
1135,1642,77
1135,1643,105
1135,1644,20
1135,1645,62
1201,1226,34
1133,938,27
1133,1186,100
1132,1468,80
1132,1470,87
1131,1323,17
1131,1111,28
1127,1638,89
1127,1619,98
1127,707,104
1127,1618,58
1127,1066,37
1127,416,48
1097,1401,111
1097,1617,46
1097,1334,107
1097,1404,55
1097,1333,45
1097,1172,41
1097,1402,66
1097,1171,32
1097,1331,52
1097,1405,91
1097,1159,56
1097,1335,16
1097,1173,34
1126,619,2
1126,605,86
1126,317,92
1126,1608,50
1126,1607,33
1126,1416,61
1125,1264,52
1125,1610,8
1125,1609,9
1125,1616,106
1125,1272,82
1125,1271,65
1124,1622,29
1124,388,94
1124,1611,75
1124,1614,68
1124,1615,105
1124,1441,69
1200,1224,33
1123,984,43
1123,1565,80
1123,1566,74
1123,1567,64
1123,1568,109
1121,1620,44
1121,1255,81
1122,1164,73
1122,570,95
1120,1440,67
1120,1175,60
1109,731,45
1109,252,66
1109,1350,101
1109,163,47
1109,1452,13
1109,1519,18
1118,1368,79
1118,1205,54
1118,1621,26
1118,280,1
1118,1426,3
1118,1313,11
1118,1208,56
1118,808,51
1108,1188,5
1108,1596,93
1108,1598,59
1108,1599,70
1108,1597,78
1107,1595,6
1107,1593,37
1107,1591,87
1107,266,81
1107,1592,97
1107,1594,99
1106,1582,35
1106,1252,103
1106,1585,92
1106,1584,33
1106,1583,20
1106,811,106
1074,1244,77
1074,1586,16
1074,1587,69
1074,1588,63
1074,1589,76
1173,1207,100
1105,1052,95
1105,1035,73
1104,1418,53
1104,657,104
1103,990,60
1103,1112,65
1095,1570,35
1095,1141,62
1095,549,107
1095,768,28
1083,1527,70
1083,1528,106
1083,1529,33
1083,1530,69
1083,1531,18
1083,1532,95
1102,855,108
1102,1601,8
1102,1602,3
1102,1088,72
1102,170,38
1102,935,11
1094,439,104
1094,1562,48
1094,1152,34
1094,779,79
1094,1161,109
1101,1168,58
1101,1146,17
1101,1577,91
1101,1580,32
1101,1579,27
1101,497,64
1101,1578,74
1075,1537,66
1075,547,46
1075,1538,63
1075,1541,99
1075,1540,65
1148,74,98
1050,256,64
1050,1507,6
1050,1506,78
1050,1316,97
1050,1559,28
1050,1394,61
1050,995,94
1050,792,55
1050,1203,48
1050,1560,38
1050,1561,54
1050,1508,20
1050,1201,11
1092,767,2
1092,1101,44
1092,1547,87
1092,508,9
1092,447,50
1092,1548,75
1091,1518,8
1091,1558,56
1091,777,98
1091,1036,84
1091,923,82
1091,353,108
1076,947,81
1076,1545,47
1076,1546,27
1076,1294,5
1076,841,59
1076,1549,29
1086,1461,103
1086,1143,91
1086,836,61
1086,752,50
1086,664,109
1090,1572,68
1090,160,80
1090,185,105
1090,61,70
1090,1340,18
1090,102,94
1066,933,107
1066,1573,62
1066,473,45
1066,1574,74
1066,481,17
1066,1575,67
1066,1576,52
1129,469,99
1072,603,35
1072,260,77
1069,1013,101
1069,263,65
1071,1290,58
1071,976,78
1068,1049,32
1068,1543,76
1068,1509,73
1068,167,92
1068,1542,13
1068,1124,16
873,621,104
873,638,79
873,938,42
873,153,11
873,937,26
873,391,60
1055,1104,9
1055,1501,68
1055,1505,29
1055,1502,90
1055,1503,38
1055,1504,100
1065,1512,47
1065,318,97
1065,1513,2
1065,1042,80
1065,1514,48
1065,1515,37
1067,1516,107
1067,1105,6
1067,1320,54
1067,751,44
1067,1533,87
1073,1521,76
1073,1524,75
1073,1526,46
1073,1522,72
1073,1523,56
1073,1525,90
1110,775,38
1053,959,93
1053,962,86
1051,1138,67
1051,1397,52
1052,1380,8
1052,1379,41
1063,941,17
1063,443,28
1063,922,82
1063,1510,79
1063,764,66
1063,1135,92
977,325,64
977,726,34
977,1232,94
977,730,72
977,601,32
977,1291,89
1064,1518,73
1064,1125,95
1064,1206,60
1064,64,5
1064,1495,45
1049,1008,16
1049,1491,81
1049,1492,33
1049,743,74
1049,1373,80
1049,742,75
1049,1493,27
1048,1486,46
1048,1487,77
1048,1488,47
1048,1489,13
1048,491,90
1048,1490,54
1047,1496,35
1047,1497,44
1047,1498,105
1047,1499,103
1047,1500,50
1089,1348,67
1041,999,58
1041,1256,78
1043,1375,52
1043,1377,17
1042,442,97
1042,596,59
1046,1022,69
1046,1010,98
1046,817,104
1046,1368,79
1045,1261,91
1045,1456,101
1045,531,62
1045,1250,28
1045,287,32
1040,1461,87
1040,1462,75
1040,468,61
1040,1463,99
1040,1464,41
1040,1048,37
1039,1482,95
1039,1465,70
1039,1483,27
1039,393,18
1039,773,94
1039,1484,74
1038,1473,33
1038,1468,80
1038,1469,105
1038,1470,44
1038,1471,81
1037,1244,16
1037,1457,5
1037,1458,92
1037,292,63
1037,1480,38
1030,1184,66
1019,192,103
1019,176,79
1020,1194,67
1020,1192,101
1021,1109,50
1021,1075,99
1017,653,48
1017,267,41
1017,1177,62
1017,1266,28
1017,989,8
1017,848,61
1017,481,34
1017,774,6
1036,1435,84
1036,835,1
1036,891,98
1036,1063,25
1036,519,3
1036,1436,11
1035,1437,35
1035,1146,32
1035,1433,76
1035,497,62
1035,1179,45
1035,168,17
995,1451,47
995,1452,93
995,1453,94
995,1454,13
995,1455,69
1016,740,100
1016,1438,90
1016,1439,77
1016,1440,28
1016,1441,60
1016,1442,54
1015,1444,66
1015,1448,70
1015,1445,68
1015,1446,75
1015,1447,92
1015,1449,73
1029,1302,97
1011,1131,18
1011,566,5
1010,738,59
1010,742,33
1009,1182,45
1009,293,64
1012,1198,69
1012,1147,95
1012,1100,2
1012,814,78
1012,1274,80
1012,102,73
1012,646,17
996,1283,74
996,1421,92
996,398,45
996,1420,65
996,806,67
996,1419,52
1008,984,72
1008,1417,38
1008,1418,44
1008,654,87
1008,897,104
1008,658,20
1013,1424,46
1013,1422,40
1013,1425,1
1013,1426,82
1013,1427,26
1013,1428,11
994,466,47
994,1415,81
994,987,50
994,1416,94
994,793,99
994,862,93
1028,1237,64
984,1390,32
984,1431,62
984,1389,68
984,1298,75
989,879,103
989,892,55
990,638,29
990,232,13
991,367,86
991,687,63
987,1410,6
987,1411,104
987,1412,58
987,1413,91
987,642,56
987,425,98
987,1161,84
986,1089,33
986,1397,60
986,859,66
986,1396,77
986,1398,100
986,866,54
988,1283,37
988,1408,97
988,1039,28
988,1414,35
988,1055,90
985,1392,61
985,550,102
985,1394,34
985,1393,87
985,1395,46
993,1401,53
993,1407,89
993,1402,66
993,1404,42
993,1403,1
993,1405,79
1025,1226,73
983,941,13
983,376,29
983,109,18
983,838,70
983,799,59
983,917,16
981,973,91
981,395,56
980,780,93
980,64,5
979,910,48
979,909,20
978,1215,63
978,1137,6
978,1387,37
978,264,79
978,607,82
978,729,80
978,1388,77
978,430,47
1007,767,74
1007,1176,8
1007,450,75
1007,555,44
1007,191,34
1007,970,78
976,711,55
976,1378,103
976,1379,86
976,1380,98
976,415,72
975,1230,65
975,1375,101
975,1068,17
975,1376,32
975,1377,62
851,363,76
851,1175,42
851,1185,3
851,996,90
851,1187,79
851,1186,54
967,1370,99
967,1372,41
967,1371,45
967,1374,89
967,1373,102
1002,1224,101
944,992,46
944,695,64
943,1172,34
943,1173,56
929,206,92
929,1037,68
966,1368,54
966,818,3
966,1112,26
966,807,1
966,1208,11
965,950,94
965,440,44
965,916,27
965,239,67
965,1087,28
965,934,79
965,1122,38
965,62,82
965,417,65
965,868,101
964,1364,74
964,850,33
964,1366,87
964,1367,50
964,309,8
964,1255,97
963,1349,62
963,1293,42
963,1350,40
963,1032,52
963,1519,67
963,1352,101
962,1347,95
962,1343,78
962,1342,16
962,1344,64
962,1345,81
962,1341,61
1001,1207,71
961,1353,69
961,1354,100
961,1005,59
961,1356,80
961,1355,45
959,1048,28
959,834,35
958,945,93
958,394,18
960,646,67
960,1091,65
942,622,9
942,317,94
942,1097,75
942,783,38
942,1086,6
942,976,44
942,1088,79
941,762,90
941,1339,100
941,160,68
941,744,61
941,1340,70
941,954,99
940,932,58
940,1337,53
940,1338,91
940,1336,56
940,880,84
940,1166,17
939,400,69
939,1328,16
939,598,5
939,1329,66
939,1330,95
939,1175,32
938,1332,45
938,1333,52
938,1334,73
938,1335,27
938,1331,60
1000,74,17
896,1324,50
896,1242,92
896,1325,33
896,1327,80
896,1326,44
896,1241,72
852,1077,81
852,1080,61
927,729,43
927,727,97
928,378,90
928,436,41
926,500,35
926,1304,51
926,149,34
926,1305,98
926,1209,28
936,1090,81
936,957,37
936,751,82
936,849,74
936,1095,6
936,1321,87
936,1257,80
936,908,56
936,1320,38
936,568,20
936,1105,48
936,1231,79
936,1161,11
925,857,86
925,1164,33
925,375,93
925,931,46
925,797,8
924,924,45
924,1306,32
924,1051,60
924,1307,62
924,1308,77
924,1309,66
923,1315,99
923,1310,95
923,1312,27
923,1153,73
923,1313,54
922,1024,94
922,1316,87
922,1317,78
922,1318,29
922,1319,55
999,469,9
916,1174,70
916,1163,5
917,474,13
917,768,41
945,1190,64
945,1155,67
870,907,62
870,865,69
870,1077,75
870,299,89
870,295,58
870,860,78
813,938,77
813,611,42
813,612,65
813,613,1
813,615,79
921,1301,50
921,1295,60
921,2134,67
921,1298,52
907,578,90
907,1289,44
907,1290,81
907,1275,18
907,1291,74
907,1292,54
915,437,59
915,1179,66
915,1294,92
915,1127,27
915,272,29
915,255,95
906,1285,6
906,1278,98
906,1279,91
906,1280,56
906,1281,34
949,775,74
918,1165,16
918,1133,73
904,774,72
904,554,48
826,520,82
826,1062,54
897,374,37
897,1141,47
897,1287,13
897,1322,66
897,1323,63
897,1111,89
902,618,2
902,1276,75
902,541,74
902,372,69
902,662,80
902,1277,90
937,363,34
937,237,5
937,233,60
937,168,38
937,1122,11
937,158,82
900,649,18
900,1274,92
900,901,73
900,543,68
900,999,94
900,1275,97
898,984,20
898,1265,41
898,1266,6
898,1267,34
898,1268,79
898,885,54
952,1348,27
899,1264,47
899,1262,16
899,1270,95
899,1271,8
899,1272,45
899,1269,61
889,1147,32
889,1121,46
903,1151,77
903,1092,79
905,1039,37
905,744,38
886,1246,17
886,508,76
886,919,65
886,297,27
886,921,67
886,510,52
894,1024,55
894,1255,81
894,634,78
894,875,8
894,1256,44
894,314,35
894,957,53
894,1257,58
895,947,76
895,1252,48
895,1253,62
895,1099,89
895,1254,67
891,1259,70
891,1238,50
891,1240,75
891,1239,80
891,1247,97
888,1261,77
888,1250,40
888,1248,42
888,612,25
888,1249,26
888,1251,79
884,660,37
884,1232,69
884,1233,64
884,1234,33
884,723,44
884,1235,28
816,1184,93
893,416,35
893,371,72
892,573,87
892,396,93
854,342,43
854,1056,90
883,855,9
883,1231,6
883,1227,1
883,338,84
883,986,91
883,843,56
887,1230,74
887,1228,70
887,1070,93
887,930,5
887,928,59
853,1090,80
853,395,28
853,1084,64
853,863,44
853,610,58
853,858,82
777,731,47
777,831,95
777,782,68
777,780,73
777,269,62
777,1032,65
777,1127,67
777,841,46
777,828,83
777,945,75
777,944,18
777,1135,27
777,783,90
879,1476,94
879,1477,87
879,1479,41
879,1478,86
879,1218,43
875,1215,63
875,1210,8
875,1211,55
875,863,78
875,1209,20
875,1216,11
909,1302,51
871,1073,45
871,1074,34
877,1036,82
877,1031,61
874,916,60
874,917,54
878,942,59
878,921,27
878,1068,66
878,1163,5
878,481,46
878,889,32
869,988,35
869,264,44
869,431,87
869,260,38
869,301,17
668,941,60
668,1164,59
668,898,76
668,595,69
668,900,16
668,593,27
858,1206,54
858,1208,77
858,1205,1
858,215,3
858,1204,11
857,1198,45
857,1196,62
857,1192,13
857,1194,65
857,1193,60
882,1237,47
850,1199,78
850,1203,84
850,1201,82
856,1068,29
856,978,28
855,702,80
855,1057,94
827,824,51
827,1359,86
876,437,46
876,1124,66
876,1131,95
876,73,5
876,566,27
876,1145,67
825,362,41
825,291,18
825,290,61
825,793,70
825,856,50
817,437,16
817,598,92
817,596,13
817,830,66
817,1035,93
817,916,68
824,1188,73
824,1154,81
824,1190,33
824,1191,95
824,1061,74
824,1155,32
823,653,27
823,555,65
823,1174,17
823,1176,52
823,1177,66
823,1163,67
822,940,46
822,1182,62
822,1181,28
822,336,64
822,1166,53
822,1122,11
822,207,56
864,1226,45
819,848,6
819,849,55
821,365,5
821,376,59
820,1084,91
820,1088,84
809,578,81
809,625,94
809,850,75
809,1042,74
809,588,41
809,1081,18
812,1168,61
812,1162,86
812,842,8
812,1161,38
812,401,11
811,620,44
811,987,80
811,974,63
811,542,70
811,606,87
811,547,37
811,975,83
811,381,68
818,1170,77
818,1165,47
818,163,95
818,1133,60
802,1089,8
802,1138,45
802,1092,91
802,1120,56
802,482,17
801,924,32
801,1116,65
801,1117,66
801,1147,62
801,1152,46
801,1121,60
832,1224,95
807,298,48
807,761,76
805,457,58
805,456,89
806,765,67
806,764,52
804,845,54
804,807,3
804,280,1
804,1065,26
804,234,11
808,1022,77
808,255,13
808,1153,73
808,1148,90
794,894,70
794,1096,81
794,1099,94
794,1097,75
794,1098,28
810,1171,34
810,1172,20
810,1173,82
810,1160,56
810,1159,32
803,757,59
803,326,18
803,639,33
803,999,61
803,970,64
795,951,32
795,1100,65
795,448,87
795,450,41
795,511,93
834,1207,19
792,353,68
792,417,29
793,709,47
793,979,50
791,878,55
791,806,51
789,918,69
789,798,76
789,1052,83
789,1032,62
789,781,75
789,1035,5
790,647,84
790,527,78
790,884,11
790,523,1
790,858,82
788,941,13
788,404,66
788,1145,60
788,996,79
788,889,27
788,900,73
788,886,77
788,778,40
788,887,90
788,590,67
788,531,52
787,1104,63
787,646,64
787,1091,17
787,539,8
787,1093,45
786,622,2
786,976,80
786,642,6
786,1095,48
786,1105,56
786,395,91
755,1073,94
755,1047,50
755,1074,92
755,1075,62
755,1109,65
815,74,13
776,636,71
776,343,5
774,934,11
774,935,6
775,489,45
775,278,89
773,256,32
773,317,48
773,962,60
773,587,54
773,309,38
773,847,46
772,1107,77
772,1108,61
772,1000,75
772,576,79
772,430,47
771,1106,72
771,676,43
771,747,86
771,954,63
771,756,28
771,337,41
702,1008,18
702,1003,93
702,1004,16
702,1005,59
702,1006,83
702,959,73
648,336,56
648,853,62
648,207,79
649,356,19
649,233,60
649,168,17
646,205,84
646,693,67
646,254,87
611,211,13
611,236,27
611,269,62
643,963,38
643,420,50
643,260,47
770,942,17
770,1068,65
770,1070,64
770,978,56
770,1071,67
761,1090,86
761,1085,8
761,1084,35
761,1086,6
761,1087,72
761,1088,89
767,748,91
767,289,58
768,1011,82
768,1010,66
769,901,33
769,903,90
760,619,74
760,589,78
760,584,80
760,746,70
760,553,61
759,421,44
759,1066,63
759,707,53
759,366,28
758,947,37
758,438,64
758,407,5
758,828,75
758,394,29
758,783,46
756,563,58
756,885,89
756,520,55
756,1063,51
756,521,20
756,1062,84
697,800,41
697,725,90
697,730,35
697,974,46
697,975,33
757,652,65
757,571,67
757,1080,62
757,1077,52
752,966,41
752,1605,50
753,839,56
753,840,91
754,275,47
754,432,45
782,469,94
751,782,68
751,261,93
751,273,18
751,944,27
751,1031,2
750,233,60
750,638,42
750,637,25
750,406,3
750,937,26
750,232,1
750,574,11
737,1060,2
737,342,35
737,1056,61
737,934,54
736,618,72
736,702,33
736,1057,81
736,1058,50
736,706,6
700,1024,9
700,848,78
700,849,74
700,314,48
700,957,91
700,875,8
735,1049,69
735,1051,66
735,1053,90
735,1054,28
735,1055,38
673,862,33
673,856,86
733,356,52
733,369,76
734,915,77
734,914,29
732,770,63
732,149,34
732,428,6
732,329,41
732,953,82
731,623,16
731,1052,59
731,566,45
731,996,67
730,530,71
730,1048,75
730,979,83
730,319,2
730,864,44
730,710,55
699,906,9
699,878,84
699,806,1
699,203,53
728,332,33
728,1042,74
728,267,45
728,1041,91
728,634,8
728,1043,18
679,698,17
679,993,65
679,695,72
679,995,48
710,237,64
710,162,78
711,867,62
711,171,69
712,923,73
712,922,8
725,940,89
725,336,91
725,892,20
725,346,56
725,880,82
725,477,58
725,991,79
725,882,54
726,1039,68
726,1037,70
726,579,81
726,1038,90
726,1040,38
724,941,2
724,1035,73
724,257,67
724,778,42
724,887,26
723,500,9
723,910,41
723,423,61
723,909,53
722,1022,64
722,1036,18
722,1031,87
722,1032,75
722,73,47
655,971,69
655,959,73
655,970,67
655,543,28
655,962,45
655,774,6
719,377,37
719,414,35
720,380,16
720,375,5
721,673,78
721,568,82
742,775,92
635,626,72
635,934,11
635,935,3
635,615,29
635,937,54
718,1026,90
718,1027,28
718,1028,43
718,1029,13
718,1030,71
681,776,62
681,150,69
681,388,16
681,780,5
681,268,45
681,354,60
682,649,33
682,507,13
682,473,46
682,445,65
682,447,50
682,347,27
701,660,89
701,999,55
701,1000,82
701,607,32
701,1001,45
701,875,48
708,1019,13
708,1604,43
708,1360,90
708,1017,76
708,1018,89
708,1361,17
708,1362,50
708,1363,28
705,818,34
705,816,58
706,871,35
706,874,86
707,404,60
707,590,77
680,988,27
680,573,18
680,396,70
680,316,87
680,630,55
704,940,74
704,158,64
704,62,28
704,170,56
704,232,11
704,341,79
703,918,77
703,345,73
703,593,71
703,419,40
703,456,65
690,647,53
690,524,1
690,517,42
690,858,3
690,528,26
690,522,11
717,731,29
717,262,86
717,206,81
717,378,61
717,841,59
717,272,80
698,1022,47
698,1013,66
698,1010,3
698,1011,60
698,1012,67
687,269,73
687,944,2
688,927,59
688,930,27
689,540,32
689,860,46
686,855,6
686,729,33
686,752,44
686,425,79
686,973,28
685,621,5
685,978,45
685,544,17
685,996,52
685,470,54
684,768,87
684,830,76
684,720,60
684,271,39
684,352,66
677,988,8
677,986,84
677,863,37
677,908,53
677,989,35
677,664,6
675,932,58
675,990,48
675,880,56
675,991,1
675,882,25
675,259,11
533,762,75
533,746,55
533,580,71
533,553,52
533,755,66
533,752,63
672,919,46
672,481,54
674,440,2
674,441,80
695,99,17
695,62,56
671,400,68
671,838,62
671,799,73
671,239,52
671,928,67
671,797,45
670,972,9
670,751,61
670,973,17
670,535,56
670,401,84
669,984,79
669,656,55
669,981,54
669,323,3
669,982,38
667,660,64
667,726,46
667,727,78
667,729,72
667,723,48
662,964,28
662,1474,41
662,967,77
662,1475,43
662,966,86
662,1605,80
645,767,17
645,191,27
645,61,33
645,756,66
645,628,74
645,109,81
645,473,50
645,160,87
645,814,64
645,364,65
645,599,52
638,721,70
638,874,80
639,402,2
639,185,18
661,348,78
661,537,55
666,439,29
666,913,81
666,747,13
666,355,27
666,556,47
666,811,69
628,699,9
628,425,46
628,908,48
628,424,78
628,423,55
628,910,2
628,909,37
640,951,80
640,950,86
640,330,50
640,949,64
640,948,33
640,510,87
660,762,35
660,954,61
660,955,70
660,956,55
660,953,58
660,745,75
657,740,71
657,350,62
657,828,13
657,764,17
657,544,66
656,770,81
656,863,58
656,864,37
656,551,43
656,569,79
656,664,54
652,257,5
652,287,47
653,792,41
653,789,44
654,310,6
654,322,72
644,907,64
644,493,75
644,490,62
644,491,13
650,652,32
650,295,77
650,853,29
650,860,65
651,947,86
651,945,68
651,777,87
651,944,70
636,623,5
636,249,59
636,388,73
636,598,39
636,570,16
636,797,67
637,918,71
637,898,77
637,889,38
637,886,47
637,888,79
637,887,60
634,942,66
634,931,45
634,927,67
634,930,62
634,928,17
625,817,79
625,816,60
632,778,76
632,637,48
633,389,53
633,341,58
604,855,28
604,752,75
604,641,64
604,289,29
604,842,41
604,205,18
626,940,86
626,209,63
626,879,74
626,371,78
626,192,44
624,1244,77
624,817,3
624,479,43
624,232,11
624,341,54
624,638,52
623,857,68
623,914,81
623,915,39
623,829,46
623,780,16
623,73,71
622,933,52
622,921,17
622,919,32
622,920,74
622,481,45
621,941,66
621,916,60
621,922,56
621,923,67
621,917,5
621,417,65
618,158,28
618,170,41
619,795,45
619,794,76
620,459,73
620,288,62
603,437,5
603,841,47
603,596,32
603,780,67
603,64,8
603,781,52
617,932,72
617,215,11
617,808,42
617,280,56
616,1244,64
616,292,77
616,531,13
616,470,69
616,406,79
616,637,54
610,578,74
610,318,47
610,662,80
610,901,59
610,903,81
610,632,58
609,699,20
609,908,56
609,910,34
609,909,55
605,466,79
605,856,67
605,861,69
605,862,46
605,864,44
605,630,51
606,809,11
606,574,53
607,669,61
607,599,80
608,714,18
608,712,2
602,463,54
602,724,1
602,264,60
602,896,42
602,897,26
601,442,81
601,150,73
601,61,48
601,273,74
601,720,13
596,626,78
596,535,53
596,748,35
596,745,79
596,338,71
596,839,58
595,698,32
595,302,52
595,508,80
595,507,76
595,372,62
595,266,65
594,906,41
594,482,56
594,879,72
594,892,20
594,479,11
593,652,62
593,853,39
593,859,64
593,860,73
593,865,16
586,472,44
586,265,6
591,381,8
591,277,29
592,643,50
592,745,55
590,620,48
590,603,52
590,604,76
590,324,46
590,420,70
590,316,72
590,431,47
590,260,45
589,647,54
589,524,42
589,890,20
589,891,34
589,884,3
589,858,11
588,894,74
588,871,35
588,873,43
588,874,64
588,721,18
585,731,29
585,365,65
585,497,37
585,828,62
585,352,39
585,799,45
585,233,77
584,699,58
584,254,80
584,573,68
584,276,8
584,875,55
584,396,78
582,876,52
582,870,60
582,867,5
582,868,67
582,171,47
582,869,54
579,268,76
579,354,13
580,695,35
580,693,66
581,568,48
581,758,43
583,857,18
583,780,16
583,798,73
583,109,62
583,590,56
583,273,27
578,563,11
578,858,41
578,176,3
578,610,26
578,401,79
577,762,32
577,172,34
577,579,75
577,378,46
577,643,64
577,379,62
560,578,55
560,850,6
560,588,53
560,847,65
560,851,35
560,310,44
573,855,54
573,839,1
573,289,28
573,842,58
573,840,18
573,843,8
532,1606,66
532,1358,71
532,1359,41
532,824,80
558,737,70
558,743,72
568,490,74
568,493,60
572,601,67
572,607,56
571,363,62
571,838,52
571,239,47
571,387,17
571,353,73
571,168,16
566,1244,58
566,389,37
566,391,3
566,636,53
566,390,8
566,635,13
566,343,40
566,341,45
570,788,20
570,834,65
570,836,64
570,837,6
570,752,75
564,373,56
564,474,63
564,777,2
564,269,27
564,271,32
564,139,5
536,845,11
536,817,60
536,280,1
536,816,42
536,818,54
559,776,44
559,150,66
559,828,73
559,841,41
559,73,76
559,830,47
556,544,45
556,159,20
563,650,50
563,665,13
567,540,64
567,299,58
557,440,77
557,580,62
557,441,35
557,355,48
557,399,74
562,660,45
562,729,70
562,432,59
562,547,16
562,609,34
562,576,69
555,767,2
555,814,65
555,669,17
555,628,52
555,599,28
531,740,27
531,598,62
531,388,20
531,376,67
531,404,33
531,778,56
528,1244,73
528,808,11
528,153,1
528,232,42
528,574,13
546,409,60
546,811,69
546,750,70
546,810,47
546,812,61
549,423,55
549,204,34
550,654,8
550,323,58
551,254,38
551,542,62
461,622,72
461,744,6
461,160,41
461,745,46
461,395,53
461,401,32
552,770,74
552,537,37
552,568,25
552,610,42
552,766,54
535,623,71
535,570,48
535,798,64
535,799,73
535,797,17
527,442,35
527,342,29
527,163,65
516,740,45
516,636,20
516,406,72
516,635,60
516,638,14
537,800,31
537,796,41
537,795,67
537,794,32
537,277,62
518,336,41
518,346,54
521,600,13
521,599,2
522,285,18
522,290,58
520,421,55
520,367,52
520,416,63
520,414,74
520,687,3
520,366,17
526,363,6
526,356,69
526,419,44
526,456,32
526,369,65
526,470,47
526,531,5
523,788,11
523,792,31
523,789,38
523,790,71
523,784,34
510,466,55
510,633,41
510,793,73
510,319,64
510,710,35
503,400,39
503,778,48
503,544,29
503,257,1
503,590,45
503,637,59
509,731,47
509,782,64
509,781,37
509,780,73
509,596,16
509,783,70
507,418,5
507,477,52
508,297,67
508,473,18
511,316,20
511,630,24
506,622,28
506,779,53
506,395,6
506,60,44
506,402,65
506,579,2
500,776,45
500,764,66
500,773,29
500,765,16
500,768,13
517,133,67
517,777,2
517,62,56
517,207,17
517,158,47
505,767,65
505,761,42
505,602,52
505,445,50
505,301,35
505,600,28
505,191,62
505,296,32
499,770,70
499,568,48
499,763,74
499,758,54
502,699,33
502,587,74
502,639,24
502,632,58
502,634,41
502,693,46
496,401,60
496,339,55
497,211,48
497,352,5
501,583,66
501,268,47
486,660,64
486,774,68
486,425,54
486,315,11
486,654,77
482,762,53
482,643,32
482,744,56
482,160,55
482,745,52
482,748,2
492,757,8
492,737,66
492,742,65
492,743,34
492,738,35
490,620,61
490,472,28
490,276,41
490,607,50
490,324,44
485,373,46
485,209,42
485,544,32
485,387,60
485,269,61
481,500,18
481,724,1
481,727,6
481,723,38
481,431,62
478,517,17
478,522,54
487,536,52
487,372,48
488,249,59
488,375,31
479,1246,37
479,447,9
479,473,38
479,64,39
479,273,16
479,353,45
493,740,67
493,456,43
493,470,56
493,459,41
480,731,13
480,720,60
480,407,49
480,442,31
480,236,17
475,713,33
475,712,6
475,714,44
466,466,64
466,710,2
466,630,63
466,348,55
466,396,35
466,289,58
383,652,65
383,295,62
383,299,54
383,293,50
467,391,5
467,390,3
474,335,52
474,379,54
476,340,32
476,277,48
458,619,53
458,641,6
458,329,48
458,337,37
458,556,16
464,699,58
464,149,62
464,414,40
464,377,41
477,400,59
477,596,5
477,410,31
477,394,14
477,491,60
384,711,18
384,687,42
384,367,31
384,415,37
384,371,2
457,698,62
457,695,6
457,693,33
457,694,47
457,401,54
450,650,28
450,667,50
450,665,45
450,668,38
453,312,34
453,313,50
454,319,46
454,537,44
455,207,11
455,259,40
410,619,55
410,402,41
410,388,58
410,436,29
410,396,17
426,437,35
426,404,69
426,590,62
426,531,59
445,660,60
445,604,31
445,603,52
445,420,50
445,260,45
445,601,32
449,620,55
449,630,37
449,484,39
449,610,26
449,414,50
449,416,2
452,649,32
452,445,35
452,510,8
452,508,28
452,542,27
452,254,48
424,666,33
424,657,56
424,654,58
424,659,20
424,658,1
424,323,53
408,439,48
408,584,44
408,579,28
408,379,45
408,441,58
411,439,46
411,418,16
411,489,56
411,278,17
411,263,25
411,479,40
411,215,8
411,477,13
425,621,59
425,544,49
425,566,2
425,287,55
425,269,8
390,653,17
390,600,47
390,599,28
390,473,50
390,296,36
390,298,32
427,237,53
427,162,5
427,207,46
427,523,42
389,438,56
389,442,54
389,497,45
389,350,47
389,352,49
428,354,17
428,351,24
429,448,32
429,330,27
438,416,37
438,371,29
366,649,33
366,507,14
366,508,50
366,447,44
366,450,52
366,347,18
423,626,6
423,401,38
423,610,1
423,339,34
423,205,55
423,366,13
430,623,47
430,335,43
430,268,49
430,365,48
430,163,5
385,618,52
385,536,49
385,372,46
385,538,45
397,647,11
397,517,55
397,522,1
397,153,3
397,343,42
397,341,54
388,623,5
388,388,53
388,598,16
388,380,45
388,375,39
388,167,35
388,249,52
388,407,17
386,622,2
386,395,37
386,378,48
386,329,18
386,535,20
339,439,55
339,364,49
339,64,16
339,410,27
339,257,29
379,620,34
379,430,47
379,601,41
379,606,50
379,607,8
396,621,54
396,233,52
396,292,26
396,389,42
396,390,13
307,373,17
307,394,24
307,353,40
307,387,43
307,369,31
307,419,41
373,619,53
373,440,45
373,441,6
373,579,69
372,374,41
372,418,5
372,489,36
372,477,1
372,479,11
375,325,14
375,330,50
375,317,48
375,420,35
375,285,33
375,185,29
392,362,9
392,319,31
392,149,38
392,396,13
356,357,49
356,472,50
356,260,24
356,254,2
356,265,6
356,324,46
381,578,45
381,588,32
381,554,47
381,309,28
381,311,44
353,563,11
353,170,37
353,338,29
353,528,34
353,232,26
353,391,1
374,362,48
374,493,8
374,491,49
374,484,5
370,439,41
370,313,6
370,323,74
370,264,16
370,316,2
364,374,45
364,398,50
364,474,42
364,346,25
349,437,46
349,425,6
349,423,63
349,528,11
349,176,37
349,371,43
349,366,44
352,235,2
352,556,47
352,399,18
352,408,42
352,329,8
352,335,28
371,578,32
371,532,27
371,542,50
371,260,49
371,543,35
362,563,41
362,519,26
362,521,37
362,528,3
362,522,11
362,517,55
348,132,48
348,407,45
348,387,13
348,109,40
354,325,32
354,447,44
354,330,50
354,266,62
354,296,42
354,298,76
358,363,16
358,249,45
358,375,5
358,410,49
358,376,39
358,287,47
344,530,18
344,377,37
344,290,27
344,192,6
344,316,41
344,176,46
357,439,47
357,398,45
357,436,41
357,378,48
357,399,49
357,408,32
347,373,32
347,301,50
347,297,14
347,473,44
347,510,24
347,511,45
351,363,1
351,389,40
351,341,11
351,391,26
351,343,39
335,132,44
335,337,37
335,329,18
335,379,8
335,396,50
330,374,48
330,268,47
330,262,31
330,261,14
330,352,43
330,271,49
336,133,47
336,191,49
336,102,5
336,301,27
336,269,16
336,347,45
336,364,48
338,439,45
338,149,50
338,339,24
338,289,41
338,338,13
327,332,6
327,326,35
327,317,2
327,311,8
327,322,32
327,310,28
334,400,27
334,100,1
334,259,40
334,62,44
334,60,36
334,278,13
341,500,37
341,423,3
341,425,46
341,424,17
340,362,34
340,396,35
340,291,18
340,490,49
329,400,32
329,335,31
329,379,45
329,378,28
323,373,14
323,101,16
323,159,8
323,160,43
323,65,13
323,240,35
323,206,37
323,237,5
323,170,1
317,325,35
317,473,27
317,472,2
317,474,40
317,354,69
315,1246,48
315,447,28
315,330,24
315,450,46
315,347,38
326,439,47
326,155,17
326,236,2
326,154,44
326,138,18
305,363,18
305,153,37
305,391,1
305,234,25
305,390,26
305,343,16
309,132,2
309,168,28
309,99,17
309,207,11
309,158,29
328,357,14
328,260,37
328,381,45
328,420,8
319,373,17
319,342,13
319,262,45
319,261,62
319,109,2
318,439,32
318,185,27
318,335,31
318,436,40
318,379,18
318,172,43
316,132,5
316,268,24
316,352,39
296,339,44
296,338,37
296,414,29
296,176,8
296,371,11
296,366,13
296,162,40
306,357,32
306,420,35
306,316,33
306,323,41
306,381,38
313,400,32
313,167,14
313,249,24
313,380,13
313,375,45
313,364,17
312,363,2
312,168,43
312,353,1
312,419,28
312,287,38
308,374,45
308,297,14
308,236,35
308,64,5
308,376,32
308,211,41
308,209,31
304,421,44
304,414,38
304,377,29
304,416,33
304,371,18
304,366,11
300,332,8
300,326,35
300,310,6
300,254,13
300,309,41
300,324,40
300,312,24
300,313,37
303,133,41
303,273,35
303,139,16
303,236,38
299,362,6
299,285,27
299,290,36
299,291,18
299,289,28
295,132,9
295,269,20
295,150,14
283,400,5
283,365,16
283,364,39
283,380,38
283,376,27
283,375,24
297,152,11
297,336,40
297,62,17
297,278,25
297,69,1
212,132,18
212,160,34
212,329,44
212,109,27
212,237,5
213,235,8
213,378,33
213,355,35
213,172,43
213,170,11
285,152,11
285,292,26
285,257,40
285,287,14
285,153,1
285,234,36
285,232,29
285,233,24
280,373,27
280,352,16
280,261,37
280,262,25
280,354,17
278,332,6
278,266,32
278,265,44
278,372,24
278,322,41
284,437,38
284,354,32
284,268,77
284,64,39
284,273,8
284,209,40
281,374,17
281,259,41
281,99,20
281,207,26
282,357,31
282,275,38
282,264,5
282,315,11
279,362,11
279,329,8
279,205,18
279,338,29
279,339,41
277,363,35
277,292,3
277,287,36
277,257,13
272,152,30
272,163,31
272,100,40
272,263,38
275,134,5
275,185,32
275,61,16
275,211,27
271,133,74
271,192,34
271,176,29
271,205,105
270,332,6
270,312,32
270,322,38
270,310,41
270,309,8
270,313,18
269,437,9
269,249,28
269,167,35
269,168,20
269,233,3
266,327,32
266,325,14
266,298,27
266,301,36
266,296,38
183,152,1
183,172,29
183,205,8
183,158,41
183,162,40
183,170,6
183,62,18
183,153,13
265,235,9
265,271,24
265,268,28
265,269,43
265,273,17
216,132,34
216,101,40
216,138,8
216,65,36
216,158,37
197,152,1
197,263,31
197,278,20
197,215,16
197,207,11
197,259,3
197,153,6
197,234,26
217,133,32
217,109,27
217,206,6
217,64,16
246,283,32
246,266,38
246,260,35
246,191,11
181,437,76
181,209,25
181,168,37
181,233,77
181,236,62
249,152,3
249,215,64
249,207,11
249,234,25
249,153,41
249,232,40
233,152,11
233,205,6
233,170,8
233,162,34
233,62,29
199,152,18
199,185,5
199,172,35
199,160,38
230,152,28
230,236,27
230,159,6
230,237,16
175,132,38
175,168,32
175,163,5
175,170,11
175,99,20
157,134,76
157,172,38
157,160,6
157,158,28
157,100,18
196,133,26
196,163,62
196,158,28
196,170,16
196,62,27
244,152,27
244,237,5
244,234,88
244,207,11
244,209,63
244,211,13
244,257,38
253,437,27
253,191,37
253,236,38
253,160,33
253,185,35
200,132,16
200,160,6
200,167,5
200,139,20
200,102,27
195,134,29
195,205,37
195,158,11
195,162,35
195,168,5
195,69,27
176,134,5
176,64,27
176,99,13
176,138,18
176,61,28
176,102,8
176,155,62
